1000 1000 
1 1 0.402654 0.361604
1 579 0.563613 0.318798
1 877 0.154889 0.370297
2 2 0.229110 0.543746
2 138 0.399065 0.795880
2 751 0.201929 0.708404
2 752 0.733261 0.301972
2 951 0.871324 0.517597
3 3 0.819465 0.045430
3 352 0.903062 0.641233
3 615 0.600630 0.531274
3 704 0.082904 0.315007
3 705 0.236745 0.696608
3 997 0.891556 0.838814
4 4 0.382566 0.073257
4 39 0.078933 0.078796
4 467 0.262191 0.978319
4 522 0.038498 0.837385
4 636 0.179084 0.503085
4 950 0.292362 0.455443
5 5 0.965750 0.678131
5 149 0.225168 0.288545
5 226 0.835435 0.237506
6 6 0.074231 0.905453
6 459 0.197638 0.394878
6 554 0.065953 0.111915
7 7 0.599310 0.929999
7 57 0.868465 0.396449
8 8 0.828448 0.941381
8 446 0.365505 0.984830
8 661 0.504604 0.032400
8 896 0.452103 0.837820
9 9 0.341860 0.837121
9 285 0.527330 0.566880
9 754 0.435678 0.787845
10 10 0.765668 0.184592
11 11 0.331070 0.220575
11 378 0.828425 0.009727
12 12 0.378644 0.987632
12 583 0.035599 0.350957
12 605 0.500037 0.875932
13 13 0.841083 0.427570
14 14 0.717455 0.850296
14 389 0.979432 0.526264
14 466 0.331719 0.852644
14 804 0.734520 0.002217
15 15 0.199130 0.100440
15 144 0.948222 0.859225
15 391 0.845498 0.605107
15 979 0.640273 0.326038
16 16 0.574205 0.962682
16 660 0.303562 0.898414
16 665 0.319772 0.984796
16 825 0.691073 0.815578
17 17 0.072006 0.492707
17 97 0.343849 0.783279
18 18 0.407309 0.697703
19 19 0.415470 0.734369
19 231 0.510852 0.002081
20 20 0.913406 0.459498
20 72 0.080874 0.357354
20 734 0.064100 0.101037
21 21 0.258258 0.457660
21 526 0.685660 0.914115
21 771 0.766538 0.421671
22 22 0.905971 0.917245
22 166 0.324306 0.169282
22 310 0.788111 0.461975
22 911 0.759418 0.915145
23 23 0.201020 0.954240
23 772 0.937853 0.431956
24 24 0.323375 0.986052
24 179 0.824440 0.339471
24 269 0.264960 0.875275
25 25 0.921635 0.218769
25 214 0.916787 0.037524
25 435 0.607022 0.156564
25 502 0.785687 0.735817
26 26 0.727243 0.859377
26 770 0.875660 0.175122
27 27 0.596116 0.242211
27 603 0.574895 0.268338
28 28 0.785010 0.337035
28 482 0.733268 0.905710
28 553 0.078576 0.233687
28 891 0.458005 0.960208
29 29 0.931291 0.335159
29 262 0.695149 0.090625
29 953 0.644050 0.194936
30 30 0.306920 0.927069
30 512 0.677990 0.451579
30 744 0.799195 0.588761
31 31 0.086307 0.390406
31 56 0.991875 0.616868
31 95 0.073537 0.743533
31 168 0.770733 0.173513
31 630 0.367563 0.243644
32 32 0.397958 0.954952
32 174 0.411195 0.640619
32 189 0.654016 0.096744
33 33 0.382698 0.834342
33 89 0.055640 0.054239
33 260 0.812667 0.010478
34 34 0.593232 0.543994
34 225 0.043584 0.444323
34 833 0.166793 0.003600
35 35 0.901135 0.984483
35 111 0.341369 0.577401
36 36 0.926057 0.619181
37 37 0.439209 0.219337
37 266 0.805700 0.089046
37 474 0.832044 0.319504
37 764 0.101958 0.212655
38 36 0.994938 0.467133
38 38 0.260650 0.786194
38 89 0.915332 0.559230
38 832 0.249998 0.105143
39 39 0.623826 0.303774
39 363 0.460160 0.999940
39 545 0.800406 0.557432
40 40 0.549713 0.210739
40 220 0.572297 0.927652
40 228 0.285655 0.572603
40 341 0.705338 0.252888
41 41 0.011165 0.085921
41 448 0.817256 0.111752
41 769 0.027194 0.889699
42 42 0.033396 0.334153
43 43 0.166405 0.524174
44 44 0.879289 0.997637
44 343 0.415333 0.154682
45 45 0.452480 0.445279
45 217 0.902723 0.393553
45 462 0.541420 0.310945
46 46 0.244118 0.053475
46 383 0.435277 0.334415
46 489 0.717847 0.387803
47 47 0.864106 0.929892
47 467 0.661103 0.975149
48 48 0.457846 0.371309
48 418 0.943802 0.939486
49 49 0.243105 0.525715
49 267 0.987844 0.936896
49 820 0.383635 0.516117
50 50 0.928760 0.566395
50 865 0.823903 0.210034
51 50 0.747213 0.087944
51 51 0.105523 0.710253
51 499 0.638696 0.944584
52 52 0.909063 0.211408
52 54 0.162858 0.296702
52 66 0.134135 0.181163
52 678 0.699684 0.715461
52 774 0.130907 0.787646
52 908 0.105787 0.925011
53 53 0.675348 0.726516
53 307 0.370582 0.835134
54 54 0.827435 0.470259
54 255 0.232785 0.388575
54 493 0.661637 0.160662
55 55 0.682159 0.805373
55 289 0.202740 0.011778
55 367 0.944777 0.524823
56 56 0.373251 0.316826
56 221 0.861122 0.953005
56 227 0.986355 0.076948
56 490 0.603473 0.594075
56 509 0.667242 0.664446
57 57 0.839564 0.391553
57 634 0.279751 0.658997
57 784 0.619957 0.267051
58 58 0.419384 0.686327
58 577 0.281017 0.493326
59 59 0.220272 0.710421
59 546 0.245189 0.103765
59 722 0.065890 0.627855
59 805 0.622208 0.904354
59 828 0.705649 0.129107
60 60 0.698919 0.143791
61 61 0.751549 0.291474
61 141 0.196888 0.529322
61 355 0.342233 0.065893
61 667 0.326056 0.501464
62 62 0.863204 0.101045
62 308 0.412193 0.617036
62 328 0.592549 0.223753
62 993 0.196261 0.275543
63 63 0.035938 0.049077
63 144 0.717622 0.473276
63 572 0.366183 0.717637
64 64 0.134858 0.038914
65 50 0.300210 0.629621
65 65 0.367102 0.937350
66 66 0.709264 0.245812
66 364 0.043744 0.921877
66 633 0.006147 0.492193
67 67 0.764370 0.207546
67 484 0.158990 0.552315
67 788 0.383438 0.711032
68 68 0.471251 0.932190
68 950 0.335899 0.321035
69 69 0.138276 0.058341
69 530 0.810773 0.227468
69 639 0.706299 0.528579
70 70 0.217341 0.555010
71 71 0.394594 0.694358
71 353 0.080224 0.308123
71 382 0.300915 0.259885
71 918 0.221429 0.575903
72 72 0.009977 0.623170
73 73 0.614785 0.736314
73 484 0.235068 0.206652
74 74 0.689896 0.758713
74 898 0.804393 0.251033
75 75 0.970344 0.823205
75 539 0.656095 0.422615
76 76 0.543209 0.329249
76 177 0.067789 0.535467
76 364 0.302504 0.820376
77 77 0.752088 0.693259
77 538 0.811054 0.173213
77 581 0.015391 0.590231
78 78 0.513535 0.119265
78 198 0.764903 0.595395
78 280 0.445642 0.155178
78 481 0.646664 0.485308
78 850 0.896012 0.260221
78 989 0.851916 0.111607
79 79 0.186578 0.888415
79 409 0.172654 0.616182
79 822 0.790872 0.651852
80 80 0.698527 0.757486
80 799 0.824854 0.212439
81 81 0.864360 0.914911
81 136 0.866315 0.832143
81 150 0.511278 0.974612
81 622 0.796302 0.679160
81 926 0.097199 0.340393
82 74 0.584844 0.631751
82 82 0.628801 0.946323
82 491 0.591126 0.887547
83 83 0.894035 0.132545
83 89 0.475451 0.844859
83 430 0.090839 0.720979
84 84 0.360300 0.157911
85 85 0.656976 0.176028
85 524 0.490332 0.398016
86 17 0.345959 0.880415
86 86 0.115903 0.932565
86 546 0.935844 0.227088
87 87 0.256490 0.188724
87 257 0.978530 0.374777
87 883 0.127666 0.772002
88 88 0.749910 0.621426
88 221 0.525215 0.907251
88 821 0.117692 0.950059
89 89 0.918463 0.283302
89 326 0.274560 0.127392
89 678 0.074655 0.787499
90 57 0.535443 0.910245
90 90 0.165149 0.988946
90 604 0.150198 0.013232
90 938 0.121851 0.235816
91 91 0.974973 0.680529
91 183 0.666421 0.558535
91 227 0.847413 0.356210
91 522 0.500640 0.194999
92 71 0.173203 0.592791
92 92 0.776847 0.275496
93 93 0.341318 0.415450
93 506 0.041951 0.114997
93 676 0.714795 0.067798
93 950 0.735142 0.629432
94 94 0.348046 0.129207
95 95 0.949394 0.783650
95 827 0.104963 0.765039
96 67 0.177162 0.061257
96 96 0.485740 0.772513
96 978 0.467898 0.474659
97 97 0.178323 0.451952
97 871 0.044160 0.002772
98 98 0.751910 0.789738
99 99 0.097336 0.579295
99 872 0.682707 0.627750
100 100 0.727042 0.518831
101 101 0.877252 0.754753
101 896 0.576835 0.435403
101 930 0.679993 0.887160
102 89 0.259684 0.470646
102 102 0.783509 0.102572
102 295 0.362332 0.267063
103 103 0.895586 0.991463
103 481 0.456437 0.580368
103 852 0.835153 0.830768
104 104 0.603178 0.317235
104 302 0.115822 0.170382
104 303 0.959629 0.932800
105 105 0.745247 0.285731
105 130 0.763390 0.469385
105 296 0.191231 0.814290
105 398 0.443771 0.258405
105 972 0.999736 0.960091
106 106 0.317741 0.669783
106 445 0.764201 0.438754
106 638 0.167223 0.292989
107 107 0.270967 0.952487
107 131 0.766413 0.977923
107 361 0.441221 0.818953
107 785 0.536481 0.348574
108 53 0.851835 0.011694
108 83 0.478429 0.156918
108 108 0.591381 0.239298
108 535 0.467424 0.170521
108 877 0.533208 0.353327
109 109 0.476345 0.511579
109 201 0.672098 0.794896
109 382 0.386416 0.558455
109 900 0.809357 0.163656
110 110 0.388253 0.439503
110 280 0.038929 0.824249
110 364 0.380187 0.063020
110 582 0.525693 0.625379
110 989 0.480453 0.194882
111 111 0.149867 0.977471
111 490 0.219781 0.120494
111 575 0.283455 0.977450
112 112 0.126297 0.343792
112 281 0.004109 0.583817
112 306 0.260325 0.915545
112 560 0.918765 0.633378
112 662 0.941422 0.166198
113 113 0.062252 0.070175
113 175 0.852602 0.039658
113 393 0.072568 0.009578
113 757 0.048088 0.172486
114 114 0.116479 0.451331
114 441 0.403454 0.902263
114 577 0.337813 0.100312
115 115 0.425561 0.873948
116 32 0.407357 0.856735
116 116 0.938049 0.089901
116 208 0.036832 0.315329
116 442 0.512271 0.478707
117 22 0.025066 0.140159
117 117 0.212384 0.457948
117 465 0.509462 0.129280
118 118 0.180590 0.801488
118 287 0.525827 0.648358
118 370 0.418038 0.759383
118 492 0.486932 0.873726
118 881 0.422913 0.750874
119 115 0.517152 0.055186
119 119 0.776976 0.007758
119 450 0.861892 0.182013
119 646 0.053713 0.752192
119 735 0.521574 0.459645
119 738 0.672402 0.366427
119 784 0.556546 0.076659
120 120 0.613025 0.350433
120 473 0.405971 0.786239
120 503 0.983246 0.994317
120 784 0.640783 0.027672
120 869 0.208336 0.662078
121 13 0.250151 0.019645
121 121 0.117542 0.598120
121 261 0.507872 0.944373
121 362 0.444203 0.484863
121 446 0.626116 0.750524
122 122 0.681918 0.834060
122 279 0.265367 0.165611
123 11 0.699205 0.388007
123 54 0.016272 0.917647
123 123 0.040883 0.493920
123 181 0.364755 0.315814
123 248 0.270534 0.822340
123 329 0.186100 0.490600
123 556 0.382092 0.496773
124 124 0.601628 0.888812
124 599 0.791587 0.213613
125 64 0.491744 0.125086
125 125 0.693140 0.318151
126 89 0.557731 0.096676
126 126 0.947597 0.174265
126 889 0.075933 0.798811
127 127 0.414372 0.635118
127 227 0.786558 0.903715
127 605 0.403650 0.834761
128 128 0.490256 0.586958
128 153 0.575995 0.835073
128 622 0.859374 0.548488
128 640 0.355682 0.002318
129 129 0.766865 0.641178
129 218 0.924310 0.955985
129 482 0.059246 0.140946
129 627 0.012608 0.188221
130 130 0.714863 0.198073
131 107 0.833378 0.756976
131 131 0.701338 0.319307
131 424 0.722300 0.540025
131 705 0.506186 0.268399
131 896 0.721766 0.555467
132 132 0.530363 0.698416
132 819 0.283244 0.345168
132 838 0.956379 0.983142
132 970 0.361765 0.135532
133 133 0.510373 0.463177
133 275 0.020752 0.885905
133 553 0.120648 0.399309
133 646 0.293836 0.096521
134 134 0.391918 0.144827
134 169 0.438106 0.145521
134 271 0.082283 0.651847
134 784 0.283379 0.957455
135 135 0.159227 0.245222
135 831 0.470672 0.911643
136 136 0.257492 0.403575
136 309 0.889963 0.898878
137 43 0.215200 0.893125
137 137 0.831268 0.852574
137 254 0.505670 0.434411
137 581 0.678205 0.706643
137 651 0.690685 0.597944
138 138 0.445356 0.068506
138 579 0.349834 0.626988
138 767 0.802712 0.672562
138 789 0.836159 0.283999
139 139 0.941709 0.915441
140 140 0.671702 0.474741
141 141 0.024411 0.382791
141 233 0.085582 0.474311
142 142 0.929259 0.219061
142 930 0.376803 0.575297
143 143 0.333277 0.368524
143 281 0.650823 0.988807
143 521 0.789035 0.982758
144 144 0.523206 0.338917
144 458 0.758943 0.660262
145 145 0.316128 0.490324
145 315 0.282287 0.211136
145 999 0.848117 0.036081
146 146 0.838835 0.089311
147 147 0.629437 0.008678
147 584 0.016675 0.637136
147 754 0.682735 0.690699
148 148 0.451741 0.489462
148 263 0.008704 0.119577
148 596 0.910162 0.233692
149 149 0.017458 0.393746
149 165 0.344991 0.513393
150 150 0.554914 0.171987
150 617 0.466348 0.767323
150 864 0.188417 0.920449
151 151 0.904123 0.686774
151 225 0.554646 0.269006
151 705 0.508195 0.913910
151 752 0.304424 0.015130
151 754 0.174065 0.727525
152 34 0.817165 0.272588
152 152 0.314283 0.077307
152 395 0.842789 0.549003
152 970 0.755384 0.892609
153 153 0.941935 0.151926
153 628 0.485144 0.313144
153 772 0.266801 0.844681
153 813 0.949738 0.728135
154 4 0.834885 0.430037
154 154 0.359625 0.901444
154 335 0.046921 0.699982
154 801 0.767612 0.068965
154 999 0.328567 0.437581
155 77 0.232278 0.526620
155 106 0.917318 0.610731
155 153 0.291385 0.241449
155 155 0.224742 0.780644
156 156 0.254316 0.927244
156 446 0.840773 0.163260
157 71 0.394528 0.979213
157 157 0.235296 0.387842
158 158 0.574813 0.455025
158 487 0.660274 0.228759
158 723 0.654056 0.784977
158 797 0.465143 0.794356
158 874 0.015214 0.361445
158 976 0.833568 0.042500
159 145 0.703657 0.593933
159 159 0.870540 0.431224
159 392 0.984660 0.140088
160 160 0.839452 0.693049
160 808 0.196156 0.330321
161 161 0.917162 0.974513
161 345 0.573366 0.779265
161 453 0.223928 0.326374
161 508 0.478320 0.040074
162 97 0.793864 0.656776
162 109 0.988348 0.671025
162 162 0.882414 0.035464
162 446 0.511838 0.380368
162 905 0.259066 0.274827
162 984 0.799964 0.448775
163 163 0.538275 0.531523
163 408 0.519637 0.843839
163 459 0.489905 0.761806
163 589 0.638249 0.494499
163 917 0.842363 0.763023
164 164 0.905399 0.963491
164 472 0.087258 0.356214
164 645 0.066568 0.817716
164 994 0.814182 0.305248
165 165 0.041617 0.113859
166 166 0.716590 0.883967
166 219 0.464715 0.676897
166 411 0.846617 0.495688
167 157 0.166782 0.068009
167 167 0.709891 0.236960
167 727 0.911154 0.470391
168 168 0.757566 0.863639
168 691 0.216009 0.967450
168 976 0.733680 0.931084
169 47 0.872150 0.920832
169 144 0.257125 0.007207
169 169 0.373333 0.220775
169 312 0.606638 0.139354
170 170 0.867862 0.462563
170 304 0.454281 0.366252
170 519 0.610305 0.201977
171 171 0.667149 0.164442
171 267 0.859612 0.128547
171 703 0.261892 0.273648
171 814 0.004698 0.244397
172 124 0.980542 0.970437
172 149 0.628670 0.232486
172 172 0.876805 0.931598
172 315 0.738670 0.393868
172 415 0.363136 0.754087
173 173 0.498313 0.676831
174 174 0.262898 0.880772
174 231 0.349820 0.882029
175 21 0.618775 0.040236
175 175 0.893811 0.429134
175 407 0.138339 0.641681
176 176 0.833298 0.432645
176 534 0.332464 0.796468
176 618 0.894063 0.640024
177 177 0.204873 0.862341
177 226 0.450533 0.473654
177 298 0.753312 0.953985
177 578 0.155839 0.888527
177 759 0.173108 0.346577
177 826 0.988775 0.837659
178 12 0.518574 0.989710
178 178 0.084606 0.237042
178 293 0.485829 0.171482
178 784 0.671111 0.420064
179 179 0.802378 0.638425
179 204 0.615308 0.920313
179 645 0.060417 0.878461
179 808 0.249849 0.065596
179 933 0.186497 0.269987
180 180 0.652028 0.628376
180 384 0.435271 0.703925
180 687 0.400782 0.804577
180 796 0.600650 0.001615
180 826 0.283372 0.512275
181 181 0.782321 0.753174
181 590 0.655963 0.169371
181 933 0.922393 0.226602
181 937 0.224139 0.743141
182 43 0.155812 0.229946
182 182 0.608842 0.190713
182 560 0.707581 0.405589
183 183 0.373926 0.645345
183 444 0.544594 0.055421
184 184 0.687058 0.547886
184 685 0.458959 0.900473
185 26 0.295952 0.230616
185 185 0.259148 0.372640
185 703 0.198906 0.225952
185 778 0.258422 0.682472
185 856 0.921368 0.191962
186 171 0.002163 0.622816
186 186 0.599998 0.244327
187 187 0.520263 0.712439
187 345 0.547685 0.622822
187 413 0.839976 0.933783
188 177 0.171638 0.777426
188 188 0.901225 0.285296
188 781 0.814899 0.933224
189 129 0.260567 0.203737
189 189 0.353489 0.201181
189 355 0.486392 0.572456
189 408 0.036985 0.583387
190 128 0.532764 0.420847
190 190 0.025385 0.880676
190 899 0.992757 0.438423
191 191 0.322377 0.248873
191 882 0.597674 0.367765
192 170 0.877901 0.263534
192 192 0.886587 0.344147
192 277 0.631875 0.942644
192 312 0.327737 0.763803
192 885 0.673315 0.921249
193 193 0.733806 0.345904
193 550 0.735277 0.101825
194 22 0.185717 0.428373
194 194 0.727744 0.168884
194 395 0.816001 0.889361
194 820 0.240438 0.919406
195 195 0.084977 0.240615
195 213 0.239117 0.735417
196 65 0.518673 0.882996
196 196 0.293445 0.465047
196 389 0.167505 0.743604
196 627 0.772170 0.387411
196 930 0.758219 0.228977
197 197 0.138681 0.977573
197 532 0.117769 0.795548
197 803 0.095126 0.393648
198 198 0.231275 0.425541
198 373 0.713764 0.604817
199 199 0.165801 0.685304
199 221 0.522230 0.844083
199 291 0.470942 0.396049
200 179 0.194545 0.761635
200 200 0.157901 0.776951
200 224 0.857839 0.257522
200 571 0.841758 0.696147
200 607 0.072398 0.592424
200 618 0.650636 0.717305
201 201 0.494750 0.500134
201 525 0.993381 0.076139
202 164 0.785675 0.254979
202 202 0.730396 0.800683
202 863 0.917849 0.621650
203 166 0.687489 0.755761
203 203 0.899047 0.579330
204 204 0.971816 0.344703
204 639 0.121985 0.162589
204 905 0.570322 0.814868
205 205 0.467640 0.440692
205 234 0.686386 0.611454
205 863 0.433321 0.442835
206 206 0.134542 0.588419
206 487 0.861478 0.731062
207 207 0.982451 0.497233
207 269 0.983475 0.520453
207 353 0.975941 0.973894
207 441 0.320897 0.441447
208 208 0.411297 0.460904
208 212 0.727362 0.129008
208 484 0.927926 0.802693
208 765 0.212906 0.332669
209 209 0.927954 0.934066
209 409 0.570986 0.500007
209 504 0.072278 0.004642
209 868 0.593293 0.515586
210 210 0.430056 0.336373
210 610 0.750717 0.021779
211 211 0.015178 0.553030
211 748 0.313951 0.063881
212 163 0.915352 0.242838
212 212 0.325632 0.301933
213 213 0.770021 0.909914
213 899 0.852632 0.184011
213 955 0.191644 0.234233
214 214 0.586799 0.011779
214 260 0.277403 0.341668
214 728 0.501257 0.384179
214 850 0.630685 0.790912
214 966 0.185016 0.558944
215 215 0.590575 0.401563
215 669 0.396064 0.086909
215 867 0.111846 0.116289
216 34 0.379443 0.061885
216 216 0.996624 0.700853
216 785 0.965263 0.376453
217 217 0.781570 0.345224
217 273 0.204798 0.585893
217 571 0.574334 0.581496
218 218 0.691164 0.953135
218 458 0.617823 0.571438
218 633 0.868907 0.112116
218 822 0.930774 0.874615
218 979 0.282075 0.325747
219 3 0.106863 0.860298
219 104 0.347558 0.015970
219 219 0.856245 0.537260
220 220 0.263513 0.306530
220 389 0.358138 0.260492
220 499 0.299088 0.002217
220 608 0.470067 0.207198
220 839 0.642367 0.967711
221 221 0.791158 0.645820
221 999 0.522580 0.389803
222 222 0.918931 0.170959
222 746 0.659037 0.360630
222 981 0.012882 0.396311
223 223 0.850143 0.732823
223 298 0.603005 0.479680
223 731 0.849912 0.638205
224 197 0.999698 0.088723
224 224 0.675518 0.933347
224 512 0.728498 0.855430
224 689 0.734642 0.831300
224 920 0.333970 0.559770
225 225 0.384860 0.922036
226 170 0.641387 0.078400
226 226 0.148492 0.223967
226 821 0.016146 0.649973
227 6 0.093308 0.489103
227 227 0.676814 0.675727
227 956 0.396322 0.460351
228 208 0.814629 0.562785
228 228 0.874617 0.275138
228 261 0.484974 0.634431
228 611 0.313671 0.148831
228 857 0.596936 0.248037
229 229 0.325550 0.794495
230 230 0.505396 0.528276
230 664 0.737499 0.601057
230 824 0.330429 0.292048
230 866 0.636433 0.828084
230 907 0.315210 0.426883
231 231 0.339585 0.945949
231 272 0.026289 0.824809
231 918 0.868284 0.356366
232 232 0.475270 0.694267
232 302 0.145893 0.101106
232 560 0.398765 0.912217
232 942 0.763754 0.029359
233 95 0.052216 0.803649
233 188 0.146625 0.340392
233 233 0.068655 0.281495
233 484 0.088205 0.838316
233 762 0.107353 0.902380
233 805 0.570978 0.890102
234 234 0.706970 0.274545
234 584 0.508434 0.571609
235 85 0.215871 0.832290
235 235 0.954964 0.390802
235 427 0.399954 0.081192
235 558 0.361859 0.961360
236 236 0.541249 0.927139
237 237 0.376406 0.622325
237 410 0.740815 0.897928
237 760 0.466018 0.083928
238 238 0.693296 0.375620
238 260 0.028355 0.911406
238 337 0.557199 0.222588
238 946 0.665594 0.003870
239 239 0.491249 0.175592
239 349 0.582932 0.792920
240 125 0.445135 0.367214
240 240 0.392039 0.370708
240 666 0.102162 0.138490
241 241 0.453222 0.633981
242 109 0.970232 0.608349
242 242 0.174790 0.945102
242 633 0.743759 0.184970
242 668 0.364991 0.154448
243 243 0.196245 0.232820
243 850 0.980276 0.623279
243 975 0.368635 0.500370
244 244 0.493911 0.563669
244 458 0.975325 0.991715
245 245 0.781302 0.647832
246 246 0.376533 0.200322
246 291 0.680689 0.155861
247 247 0.279194 0.193784
248 96 0.405979 0.840427
248 248 0.130265 0.428104
248 253 0.738902 0.012325
248 586 0.674249 0.378322
249 135 0.151948 0.520772
249 249 0.069853 0.317555
249 324 0.973278 0.880548
249 971 0.148946 0.416876
249 983 0.042014 0.960028
250 151 0.168096 0.231099
250 250 0.879197 0.089568
250 755 0.718318 0.159717
251 221 0.781956 0.339307
251 251 0.130746 0.998251
252 252 0.595956 0.826102
253 253 0.312438 0.249797
253 842 0.647011 0.788870
254 134 0.139455 0.490587
254 254 0.984393 0.348767
254 665 0.295119 0.625718
254 976 0.860774 0.668692
255 255 0.707268 0.072940
256 256 0.101556 0.525753
256 532 0.327663 0.122894
256 594 0.044278 0.391318
257 257 0.186783 0.120504
257 739 0.689084 0.981188
258 258 0.312096 0.328539
258 424 0.167825 0.863546
259 259 0.416023 0.472721
259 655 0.091334 0.918456
259 839 0.114513 0.795408
259 944 0.013210 0.766275
259 963 0.169188 0.580691
260 260 0.254748 0.361882
261 107 0.106691 0.122908
261 261 0.472250 0.816376
262 52 0.212114 0.395992
262 164 0.229201 0.452942
262 262 0.036159 0.634850
262 521 0.133750 0.416770
263 263 0.582989 0.291074
263 452 0.806876 0.880056
263 476 0.114486 0.256891
264 264 0.318908 0.083035
265 265 0.486481 0.624859
265 339 0.610212 0.604334
265 504 0.469194 0.870702
266 266 0.264397 0.110519
266 362 0.124673 0.956711
266 492 0.297914 0.907400
266 511 0.484025 0.173619
266 972 0.340988 0.877732
267 267 0.284747 0.439906
267 313 0.656202 0.386711
267 882 0.325655 0.206169
268 199 0.302415 0.262108
268 209 0.062322 0.665924
268 268 0.853191 0.530669
268 424 0.958511 0.797903
269 269 0.860273 0.161826
269 891 0.916238 0.039591
270 77 0.117930 0.784050
270 270 0.745217 0.992345
270 553 0.042200 0.730107
270 776 0.579599 0.370017
271 271 0.676669 0.698391
271 721 0.389996 0.904981
271 870 0.119856 0.514192
271 920 0.468986 0.106200
272 226 0.461698 0.232472
272 272 0.479501 0.651778
273 246 0.419704 0.001653
273 273 0.698423 0.482167
273 852 0.325468 0.056771
274 274 0.282899 0.590306
275 275 0.697577 0.748607
275 990 0.207076 0.337999
276 276 0.659075 0.877989
277 277 0.166113 0.710096
277 795 0.978890 0.093071
278 74 0.014277 0.072234
278 278 0.034545 0.940676
278 490 0.579607 0.218742
278 529 0.861929 0.845685
279 279 0.814182 0.734145
279 585 0.357798 0.772974
279 946 0.905985 0.626547
279 956 0.190240 0.224773
280 280 0.021650 0.257095
280 874 0.424666 0.105271
281 281 0.574805 0.406332
281 739 0.411902 0.878416
281 908 0.524838 0.175885
282 282 0.718384 0.801716
283 283 0.761614 0.290375
283 674 0.578942 0.218166
284 44 0.005978 0.288766
284 284 0.628626 0.666060
285 238 0.725514 0.350759
285 285 0.977439 0.537044
285 449 0.451214 0.963709
286 286 0.616516 0.635285
286 373 0.397879 0.753839
286 433 0.420736 0.963705
287 287 0.446396 0.763321
287 427 0.637587 0.814945
287 700 0.557359 0.008082
287 777 0.915558 0.261763
288 174 0.131521 0.913909
288 288 0.621059 0.679850
289 289 0.657327 0.621704
289 895 0.883716 0.830321
290 290 0.979774 0.795686
291 291 0.953475 0.758703
291 618 0.271519 0.882835
291 710 0.213080 0.009120
291 851 0.566574 0.411400
292 292 0.783519 0.335074
292 532 0.660460 0.184378
293 293 0.411139 0.491149
293 472 0.956316 0.302171
293 500 0.340174 0.634134
293 826 0.288692 0.764027
294 294 0.000293 0.602785
294 677 0.543904 0.006808
294 800 0.070295 0.027606
295 286 0.538394 0.616895
295 295 0.623614 0.609439
295 534 0.100460 0.656718
295 826 0.840584 0.741772
296 1 0.671882 0.088860
296 69 0.568948 0.885254
296 296 0.475345 0.942551
296 419 0.318847 0.818391
296 614 0.075517 0.630902
297 57 0.708719 0.158922
297 297 0.437230 0.948954
297 697 0.328044 0.339872
298 143 0.791398 0.369772
298 281 0.567797 0.202799
298 298 0.623712 0.185619
298 586 0.402755 0.723770
299 101 0.866306 0.296580
299 299 0.440427 0.477716
300 300 0.335008 0.055288
301 301 0.983803 0.314529
302 302 0.988515 0.681512
302 450 0.012290 0.419303
303 303 0.054899 0.492986
303 923 0.454594 0.450860
304 304 0.151926 0.243969
305 102 0.373800 0.777198
305 305 0.423091 0.223269
306 306 0.361037 0.590423
306 513 0.088054 0.889081
306 582 0.921495 0.432703
306 722 0.611855 0.774244
307 307 0.057302 0.061217
307 557 0.725001 0.059028
308 89 0.736532 0.451526
308 308 0.524121 0.126293
308 906 0.573193 0.610178
309 309 0.297991 0.582940
309 568 0.271769 0.310919
310 310 0.553782 0.571060
310 722 0.098279 0.248915
310 992 0.511118 0.827019
311 311 0.170140 0.315900
311 431 0.912191 0.032753
311 457 0.853063 0.206017
312 312 0.292089 0.830694
313 313 0.114008 0.604027
313 659 0.597260 0.301525
314 16 0.304912 0.232817
314 66 0.406220 0.987314
314 314 0.914870 0.071030
315 17 0.386685 0.822358
315 185 0.655658 0.860402
315 315 0.365706 0.327203
315 771 0.837833 0.148292
315 855 0.782114 0.058475
316 316 0.029132 0.606403
316 821 0.745767 0.097154
317 317 0.444949 0.712101
317 385 0.773732 0.530372
317 904 0.221683 0.978673
318 318 0.411033 0.941467
318 668 0.160816 0.920772
318 756 0.767331 0.516429
319 319 0.913865 0.329438
319 628 0.998749 0.650800
319 676 0.340781 0.550142
319 984 0.241598 0.284832
320 320 0.743175 0.641964
320 524 0.587435 0.602001
321 35 0.737433 0.908959
321 212 0.350642 0.703596
321 321 0.714994 0.927406
321 840 0.887757 0.241029
322 88 0.124361 0.690575
322 322 0.920282 0.577536
322 637 0.130308 0.408766
323 125 0.704761 0.002163
323 281 0.757899 0.151978
323 323 0.164971 0.708554
324 27 0.809357 0.878494
324 324 0.035922 0.688625
325 325 0.141638 0.820227
326 142 0.828328 0.230482
326 143 0.081690 0.328977
326 326 0.288690 0.111555
327 327 0.048873 0.195897
327 432 0.368111 0.816687
327 672 0.632065 0.846658
328 328 0.150209 0.062879
328 455 0.817455 0.545886
328 913 0.239197 0.993327
328 990 0.538904 0.659099
329 329 0.105228 0.714901
330 230 0.859274 0.500907
330 330 0.831882 0.924674
330 715 0.992293 0.032519
331 184 0.625523 0.375193
331 331 0.895317 0.766663
331 538 0.676934 0.596805
331 668 0.182066 0.094591
332 332 0.851536 0.448004
332 692 0.298378 0.893093
333 333 0.068400 0.235632
334 204 0.833441 0.039025
334 334 0.738091 0.822910
334 913 0.405372 0.487844
335 111 0.563236 0.865709
335 335 0.334818 0.405257
335 382 0.407915 0.643830
336 271 0.885418 0.369967
336 336 0.159565 0.901123
336 468 0.865708 0.206084
336 858 0.761360 0.951565
337 5 0.351378 0.435424
337 102 0.850400 0.424536
337 337 0.384457 0.802854
337 376 0.159439 0.461447
337 865 0.123388 0.903324
338 84 0.581894 0.286229
338 338 0.846451 0.577699
338 345 0.166770 0.153854
339 322 0.308687 0.770540
339 339 0.936457 0.757201
340 248 0.100988 0.886095
340 340 0.004806 0.656254
340 490 0.408829 0.562927
340 646 0.074455 0.167459
340 755 0.736494 0.021759
341 341 0.642566 0.685108
341 388 0.348798 0.557125
342 342 0.466396 0.844803
342 573 0.712540 0.335501
342 947 0.711010 0.826252
342 949 0.915461 0.448724
343 343 0.239600 0.601252
343 592 0.806121 0.948577
343 948 0.383498 0.129392
344 344 0.639796 0.530793
344 691 0.755129 0.641326
345 125 0.408064 0.695589
345 345 0.249706 0.372796
346 104 0.617508 0.695184
346 320 0.000550 0.432037
346 346 0.065859 0.537520
346 988 0.560401 0.248055
347 347 0.882802 0.623973
348 141 0.297261 0.607222
348 348 0.686576 0.520734
348 530 0.899721 0.669109
348 869 0.052091 0.360579
349 349 0.486792 0.657447
350 85 0.141504 0.492570
350 137 0.679283 0.290690
350 350 0.162545 0.643067
350 603 0.711866 0.762819
350 701 0.755966 0.992507
351 25 0.662805 0.408258
351 250 0.225456 0.005356
351 351 0.007572 0.953279
351 760 0.145983 0.000102
351 793 0.721789 0.529482
351 949 0.600058 0.480257
352 245 0.077851 0.620558
352 352 0.287622 0.466239
352 803 0.336823 0.920387
353 353 0.390611 0.954025
353 647 0.535657 0.008126
354 354 0.169491 0.021246
354 568 0.835013 0.826851
354 586 0.378047 0.816744
355 272 0.361840 0.128726
355 302 0.325087 0.684064
355 355 0.944038 0.003573
355 440 0.841516 0.048523
355 623 0.604605 0.765468
356 356 0.094791 0.972756
357 357 0.289483 0.669569
357 528 0.395798 0.862460
357 718 0.583787 0.294354
358 100 0.591060 0.201467
358 260 0.308586 0.286324
358 358 0.115078 0.132168
359 359 0.763455 0.430175
359 719 0.046131 0.024261
360 360 0.857835 0.160656
360 818 0.169178 0.843526
360 915 0.024202 0.247229
361 361 0.222631 0.422048
361 896 0.230884 0.735264
362 83 0.527687 0.819883
362 271 0.489136 0.102123
362 362 0.698045 0.160360
362 613 0.108924 0.986265
362 650 0.743403 0.667100
363 165 0.207963 0.602051
363 341 0.122648 0.033303
363 363 0.212925 0.262316
364 239 0.868778 0.025955
364 364 0.960102 0.215704
364 568 0.087017 0.993114
365 365 0.708024 0.135706
365 824 0.438597 0.046773
366 366 0.017312 0.803897
367 48 0.496890 0.713400
367 188 0.647495 0.282635
367 367 0.270860 0.699974
368 368 0.989591 0.769753
369 124 0.048008 0.587728
369 369 0.306483 0.128256
369 524 0.604158 0.523789
370 155 0.909470 0.952837
370 227 0.743844 0.271750
370 370 0.779136 0.244262
371 371 0.075851 0.082862
372 372 0.537961 0.486555
372 724 0.205921 0.692911
372 982 0.517685 0.455074
373 373 0.247942 0.187882
374 374 0.576297 0.229820
374 396 0.684619 0.175958
374 437 0.096051 0.242444
375 216 0.711749 0.621875
375 256 0.919692 0.864432
375 375 0.044970 0.464554
376 206 0.063746 0.285857
376 297 0.703904 0.595059
376 376 0.406888 0.081108
376 498 0.205893 0.478329
377 377 0.337750 0.049121
377 580 0.687018 0.104504
378 378 0.446905 0.306605
378 390 0.654525 0.963981
378 635 0.453003 0.246421
379 83 0.078789 0.402349
379 302 0.016096 0.429833
379 379 0.396419 0.397385
379 508 0.321324 0.053609
379 656 0.049710 0.256122
379 704 0.345688 0.621390
379 908 0.004953 0.415938
380 380 0.606670 0.059644
381 165 0.213785 0.029703
381 381 0.380015 0.042693
381 486 0.136855 0.564897
381 549 0.083797 0.364171
381 818 0.874124 0.687052
382 239 0.801719 0.663068
382 382 0.423944 0.718619
382 599 0.589942 0.056990
383 383 0.098573 0.361771
384 293 0.185098 0.757305
384 384 0.372685 0.839058
384 461 0.477244 0.706744
384 930 0.116769 0.970530
385 261 0.268366 0.725273
385 385 0.534509 0.764104
385 462 0.557676 0.133888
385 657 0.959133 0.833839
386 103 0.864589 0.620849
386 386 0.468318 0.610767
387 46 0.840410 0.521708
387 387 0.473858 0.526411
387 514 0.566843 0.676319
387 743 0.896178 0.982022
388 296 0.271502 0.435362
388 388 0.276468 0.017376
388 991 0.606154 0.236720
389 79 0.607473 0.069235
389 318 0.063735 0.799583
389 384 0.072799 0.617864
389 389 0.482799 0.456776
389 635 0.450580 0.107726
389 944 0.703511 0.308031
390 303 0.860462 0.594243
390 390 0.822754 0.860408
390 875 0.014758 0.910975
391 11 0.467554 0.504974
391 391 0.888275 0.387542
391 576 0.984387 0.924771
391 836 0.764464 0.650152
392 36 0.562187 0.147250
392 155 0.733206 0.690488
392 392 0.585118 0.612853
392 472 0.379525 0.840904
392 928 0.374632 0.464961
393 393 0.297314 0.525675
394 394 0.091161 0.258436
394 747 0.007374 0.756487
395 52 0.519944 0.572855
395 395 0.525507 0.064238
396 396 0.972380 0.175087
396 689 0.880240 0.435123
397 190 0.681909 0.915045
397 397 0.982132 0.577077
398 78 0.423789 0.111649
398 398 0.509920 0.749004
398 650 0.486775 0.848412
398 677 0.579391 0.025716
399 399 0.301505 0.683434
399 674 0.782441 0.319280
399 691 0.789059 0.995845
399 942 0.505693 0.603506
400 76 0.095748 0.312847
400 400 0.804567 0.568150
401 386 0.110663 0.058593
401 401 0.929154 0.791937
401 518 0.528863 0.597849
402 89 0.548103 0.565850
402 177 0.112812 0.060631
402 402 0.253194 0.609762
402 888 0.310408 0.298058
402 967 0.331710 0.349465
403 403 0.356456 0.853389
403 814 0.945869 0.595061
404 33 0.913889 0.280781
404 404 0.054427 0.290078
405 63 0.660847 0.075247
405 405 0.716166 0.440233
405 638 0.592700 0.201648
405 730 0.556852 0.038997
405 902 0.425797 0.324731
406 406 0.676052 0.144520
406 479 0.210682 0.489428
407 407 0.341267 0.889226
407 627 0.115222 0.675401
408 408 0.678191 0.741407
408 651 0.222516 0.346265
408 730 0.186002 0.827786
409 24 0.699528 0.898948
409 409 0.784287 0.992143
409 740 0.792096 0.580928
409 893 0.307307 0.673843
410 410 0.318357 0.686614
410 605 0.509281 0.624985
411 411 0.890537 0.008046
411 486 0.412157 0.276236
411 675 0.371432 0.809213
411 810 0.464588 0.050278
412 61 0.185026 0.471432
412 412 0.362687 0.276774
412 833 0.861887 0.235232
413 205 0.118182 0.873764
413 413 0.748461 0.488504
414 280 0.157722 0.498718
414 414 0.378909 0.352193
414 473 0.073114 0.246196
414 795 0.199654 0.597420
414 823 0.596677 0.991256
415 415 0.680306 0.511679
415 801 0.502394 0.516347
416 202 0.565986 0.047210
416 416 0.177006 0.856225
416 487 0.081180 0.035814
417 292 0.565460 0.592925
417 415 0.354108 0.397801
417 417 0.847001 0.022647
417 717 0.401744 0.750049
418 65 0.680812 0.911764
418 418 0.967347 0.863468
418 630 0.923760 0.472737
419 159 0.197736 0.740129
419 419 0.903221 0.870684
420 253 0.098967 0.400224
420 420 0.039339 0.314732
420 441 0.424025 0.247190
420 447 0.740429 0.895434
420 967 0.403424 0.627724
421 36 0.996355 0.289026
421 210 0.171586 0.417495
421 421 0.972051 0.870232
421 516 0.430087 0.472408
422 65 0.131946 0.410886
422 422 0.624776 0.152202
422 625 0.026274 0.690513
422 776 0.256355 0.101919
423 423 0.757964 0.075311
424 424 0.124480 0.562548
424 884 0.592531 0.973290
425 425 0.041837 0.043624
425 531 0.994063 0.707904
426 56 0.117432 0.097087
426 187 0.731786 0.418976
426 312 0.090223 0.900283
426 426 0.183594 0.527712
426 628 0.940294 0.076529
427 61 0.411355 0.027573
427 427 0.931566 0.037887
427 481 0.598022 0.568811
427 969 0.868806 0.519534
428 252 0.057348 0.663061
428 428 0.048343 0.004629
428 603 0.736804 0.696099
429 181 0.018354 0.763328
429 341 0.958428 0.030732
429 429 0.327763 0.245402
429 493 0.559966 0.756454
429 669 0.077418 0.857289
429 743 0.989005 0.813470
429 823 0.407497 0.294526
430 87 0.843888 0.574440
430 197 0.213953 0.819020
430 430 0.149488 0.407701
430 431 0.609419 0.316979
431 224 0.082616 0.804789
431 431 0.416059 0.811122
431 482 0.738461 0.233160
432 432 0.371441 0.489720
432 669 0.829346 0.141970
432 769 0.714696 0.439772
432 862 0.730937 0.396931
433 433 0.407591 0.880120
433 512 0.648853 0.903771
434 188 0.579541 0.100270
434 434 0.999333 0.205136
434 447 0.096552 0.655050
434 593 0.552492 0.639225
434 1000 0.177417 0.256323
435 111 0.111175 0.207232
435 435 0.084052 0.001195
435 500 0.754836 0.054351
435 623 0.389247 0.119285
435 657 0.341174 0.839982
435 752 0.947839 0.337693
436 137 0.185621 0.126655
436 436 0.240108 0.305574
436 824 0.625303 0.240360
437 115 0.839606 0.480624
437 170 0.102923 0.813371
437 437 0.890017 0.568813
438 116 0.024416 0.707973
438 438 0.117169 0.895336
438 615 0.230973 0.579149
438 809 0.206262 0.035690
439 305 0.738686 0.516290
439 439 0.006431 0.497825
439 814 0.497005 0.068983
440 320 0.624378 0.708237
440 440 0.859245 0.833200
440 504 0.432607 0.545545
441 188 0.312231 0.887134
441 441 0.964851 0.211665
442 442 0.369448 0.628031
442 778 0.583094 0.860208
442 889 0.904950 0.098553
443 443 0.729030 0.725008
443 676 0.861618 0.360704
444 217 0.743832 0.242611
444 444 0.075525 0.717339
444 572 0.410319 0.952346
444 849 0.988404 0.176082
445 445 0.832706 0.838313
446 246 0.945688 0.035225
446 446 0.534226 0.145149
446 665 0.435933 0.519461
447 79 0.100312 0.200683
447 338 0.679841 0.807463
447 447 0.440539 0.968472
448 302 0.531377 0.273116
448 448 0.745763 0.238713
449 449 0.568321 0.844555
450 332 0.135522 0.469181
450 450 0.955049 0.322326
450 880 0.319085 0.695920
451 77 0.639458 0.478249
451 451 0.849375 0.927332
451 518 0.905255 0.106995
452 409 0.498601 0.916325
452 452 0.248587 0.525965
452 688 0.805974 0.617852
453 453 0.971081 0.059748
453 941 0.005182 0.659930
454 194 0.313352 0.960381
454 272 0.248093 0.127513
454 454 0.519550 0.187085
455 82 0.256065 0.742400
455 193 0.755108 0.410098
455 455 0.369416 0.040555
456 146 0.465563 0.802836
456 386 0.516962 0.731406
456 456 0.247757 0.671679
456 950 0.917689 0.202448
457 457 0.758006 0.805318
457 862 0.587934 0.234230
458 458 0.982682 0.837195
458 475 0.567836 0.129579
458 553 0.515907 0.283538
459 46 0.401699 0.643034
459 459 0.687906 0.767298
459 787 0.166220 0.353047
459 852 0.339978 0.636330
460 29 0.011394 0.546969
460 109 0.737069 0.766646
460 459 0.248681 0.028811
460 460 0.643567 0.300602
460 771 0.957968 0.527555
460 946 0.825105 0.639029
461 348 0.140792 0.634182
461 461 0.369372 0.144911
462 462 0.671838 0.243069
463 463 0.737007 0.986829
463 642 0.317230 0.619558
463 819 0.088666 0.766667
464 464 0.879616 0.326196
464 520 0.738424 0.912270
465 143 0.183170 0.284293
465 169 0.266681 0.257965
465 465 0.651455 0.778720
465 840 0.548085 0.338224
466 394 0.716328 0.834556
466 466 0.512440 0.217376
467 190 0.768452 0.894329
467 467 0.849067 0.568136
468 343 0.100894 0.005594
468 468 0.608737 0.257051
468 693 0.413360 0.139970
469 354 0.385560 0.160615
469 469 0.354407 0.878004
470 277 0.836120 0.539383
470 470 0.975727 0.124071
470 728 0.892598 0.903887
470 868 0.340161 0.117397
471 157 0.027630 0.314624
471 471 0.622442 0.924050
472 104 0.272449 0.750523
472 472 0.204972 0.447241
472 617 0.137061 0.975623
472 620 0.841908 0.420585
472 855 0.215727 0.445822
473 473 0.895720 0.462648
474 7 0.793529 0.006320
474 46 0.822838 0.577532
474 76 0.716299 0.970546
474 169 0.633683 0.675715
474 474 0.948637 0.644431
474 918 0.280650 0.864926
475 163 0.846712 0.659995
475 332 0.432803 0.993926
475 475 0.040783 0.303323
476 199 0.914039 0.296867
476 476 0.160483 0.327498
477 213 0.137012 0.050002
477 258 0.690413 0.784648
477 477 0.150788 0.661165
477 632 0.217951 0.143873
477 891 0.116029 0.850279
478 162 0.544025 0.401114
478 478 0.164416 0.943846
478 650 0.813721 0.331558
478 686 0.307075 0.533500
479 479 0.217907 0.057447
479 630 0.164352 0.126182
480 111 0.596301 0.461169
480 480 0.113846 0.983841
481 360 0.079424 0.330406
481 481 0.845035 0.417533
481 850 0.980713 0.067515
482 21 0.303530 0.975435
482 399 0.168960 0.134213
482 482 0.998703 0.269967
482 549 0.188801 0.149677
482 898 0.400952 0.826521
482 956 0.415381 0.255041
482 984 0.016143 0.796448
483 23 0.846571 0.523393
483 416 0.772487 0.470859
483 483 0.250091 0.559730
483 595 0.032354 0.776467
484 336 0.286672 0.346759
484 484 0.856702 0.082647
485 452 0.471014 0.807586
485 485 0.871367 0.671843
485 882 0.706097 0.372633
486 486 0.873310 0.954698
486 694 0.054980 0.672967
487 17 0.178827 0.491029
487 293 0.101662 0.616092
487 487 0.138962 0.952442
488 488 0.491313 0.921234
489 183 0.537013 0.908296
489 489 0.863022 0.502812
490 461 0.984705 0.299867
490 490 0.308365 0.221203
490 837 0.645535 0.607564
491 426 0.446103 0.047235
491 491 0.129118 0.591575
492 152 0.469340 0.098772
492 492 0.937552 0.190949
492 641 0.116050 0.793675
492 890 0.389965 0.318723
493 493 0.666664 0.708825
494 467 0.443026 0.016155
494 494 0.053605 0.078926
495 495 0.653743 0.868091
496 440 0.466724 0.549547
496 464 0.664714 0.658884
496 496 0.790711 0.859759
496 528 0.988301 0.902067
497 497 0.298393 0.879874
497 986 0.556462 0.706423
498 2 0.289046 0.300430
498 498 0.101257 0.215104
498 548 0.980871 0.744552
498 593 0.663833 0.715133
498 764 0.906049 0.438859
499 131 0.685054 0.271846
499 356 0.004140 0.338529
499 499 0.262324 0.626062
500 91 0.883665 0.812705
500 500 0.340425 0.111000
500 569 0.710917 0.613584
501 169 0.504470 0.538237
501 501 0.256834 0.137925
501 815 0.329069 0.339295
501 983 0.025265 0.558833
502 414 0.222469 0.460927
502 417 0.255100 0.393649
502 502 0.149539 0.001639
502 768 0.830899 0.792628
502 865 0.709834 0.925542
503 503 0.172645 0.932414
504 504 0.249592 0.743886
504 549 0.355164 0.187615
505 8 0.012423 0.647998
505 249 0.471494 0.835800
505 505 0.529238 0.756346
506 426 0.069317 0.135599
506 506 0.345064 0.202293
507 123 0.103927 0.488314
507 507 0.781092 0.988133
508 449 0.473214 0.621464
508 503 0.960785 0.526410
508 508 0.117031 0.644677
509 455 0.799543 0.790740
509 509 0.270277 0.960974
509 805 0.162044 0.613896
510 337 0.416522 0.438018
510 510 0.736666 0.391802
510 525 0.597862 0.140807
510 995 0.520274 0.682505
511 511 0.078464 0.474155
511 905 0.142653 0.654234
512 512 0.202084 0.637345
513 362 0.041125 0.361540
513 513 0.526977 0.148522
513 764 0.314186 0.330511
514 247 0.555651 0.767323
514 514 0.616648 0.860283
514 885 0.202410 0.612912
515 515 0.781378 0.124947
515 749 0.908977 0.630374
516 65 0.478126 0.902365
516 516 0.451507 0.217342
516 585 0.146346 0.828683
516 836 0.610968 0.450381
516 851 0.486775 0.868979
516 936 0.077080 0.594999
517 517 0.947118 0.283957
518 434 0.095545 0.264418
518 446 0.924944 0.520387
518 518 0.488827 0.423471
518 810 0.345829 0.012567
518 980 0.985216 0.439665
519 86 0.557110 0.440371
519 122 0.227302 0.453619
519 519 0.646047 0.556836
519 773 0.238248 0.247646
519 839 0.207394 0.133060
520 520 0.131118 0.274676
521 255 0.786370 0.877292
521 521 0.580465 0.590119
521 649 0.252476 0.513678
522 68 0.577300 0.748912
522 135 0.020036 0.032614
522 317 0.857159 0.188510
522 522 0.023652 0.570904
522 820 0.050180 0.620837
523 523 0.037523 0.062769
523 640 0.258049 0.222808
523 794 0.881542 0.853588
524 386 0.835404 0.457548
524 524 0.836374 0.348909
525 525 0.272842 0.742741
526 326 0.922372 0.228145
526 526 0.281485 0.640224
526 535 0.255321 0.227975
526 995 0.841970 0.613182
527 527 0.310905 0.298737
528 528 0.500361 0.509565
528 803 0.210980 0.209733
528 842 0.292625 0.249079
529 87 0.145946 0.388261
529 329 0.471785 0.695491
529 529 0.425443 0.358789
529 697 0.739152 0.863582
529 928 0.770612 0.247095
530 500 0.990427 0.515573
530 530 0.885578 0.327381
530 598 0.913467 0.975260
530 702 0.118678 0.482465
531 299 0.039267 0.108881
531 531 0.186799 0.481312
531 538 0.597467 0.906285
532 532 0.292501 0.126637
533 12 0.818076 0.411511
533 533 0.301673 0.710228
533 799 0.917620 0.043515
534 441 0.931794 0.861404
534 534 0.792584 0.412752
534 943 0.435138 0.455619
535 20 0.133014 0.335645
535 74 0.556544 0.157298
535 535 0.267491 0.073190
535 969 0.038216 0.739803
536 7 0.458654 0.899411
536 318 0.032283 0.234316
536 490 0.951818 0.072097
536 536 0.567247 0.983669
537 204 0.694346 0.503564
537 288 0.583157 0.726981
537 529 0.048837 0.076000
537 537 0.065813 0.861206
537 743 0.980483 0.997739
537 871 0.016669 0.401067
538 288 0.736888 0.686966
538 538 0.303920 0.382501
538 780 0.846846 0.942260
539 378 0.306488 0.636022
539 488 0.292371 0.231540
539 539 0.339699 0.101933
539 903 0.719376 0.202682
540 215 0.495509 0.641475
540 540 0.035868 0.306613
540 614 0.661404 0.510480
541 18 0.234338 0.886236
541 112 0.295061 0.985681
541 239 0.970793 0.698581
541 541 0.731327 0.678845
541 688 0.943561 0.312086
542 237 0.725386 0.316376
542 491 0.452496 0.916022
542 542 0.563194 0.998364
542 565 0.939022 0.098708
543 78 0.300854 0.389161
543 215 0.345008 0.352953
543 543 0.391837 0.636517
543 975 0.395245 0.296555
544 404 0.101072 0.430942
544 544 0.140220 0.896185
544 996 0.878526 0.608419
545 307 0.657061 0.717156
545 545 0.012705 0.803351
546 546 0.478039 0.431397
546 547 0.237007 0.583921
546 962 0.077710 0.053105
547 547 0.336686 0.371924
548 548 0.232813 0.947903
549 549 0.950761 0.814002
549 846 0.972137 0.469881
550 249 0.151938 0.769120
550 550 0.569216 0.218558
550 555 0.206841 0.888339
550 767 0.261391 0.329365
551 478 0.335079 0.378184
551 551 0.666356 0.540570
551 984 0.104542 0.518616
552 383 0.750023 0.241347
552 552 0.018045 0.111699
552 943 0.411604 0.852682
553 265 0.371238 0.097234
553 553 0.960099 0.936513
554 278 0.598831 0.261795
554 554 0.838786 0.302734
554 823 0.225090 0.792289
555 369 0.644945 0.775278
555 555 0.836057 0.427934
556 287 0.721258 0.307996
556 556 0.518241 0.574623
556 771 0.177196 0.230610
557 18 0.471136 0.339711
557 483 0.978752 0.794677
557 554 0.284864 0.754886
557 557 0.941704 0.791194
557 629 0.318574 0.688460
558 5 0.520556 0.680246
558 558 0.570253 0.679668
559 559 0.267904 0.398653
560 468 0.882231 0.608015
560 560 0.012596 0.597956
560 603 0.853312 0.278184
561 225 0.872590 0.754621
561 540 0.651952 0.985840
561 561 0.318442 0.437231
562 562 0.985248 0.397936
562 776 0.640357 0.602166
563 179 0.861512 0.766323
563 535 0.569199 0.471880
563 563 0.112757 0.194587
563 959 0.540014 0.541907
564 183 0.660264 0.826160
564 204 0.912090 0.897901
564 564 0.052499 0.124228
565 459 0.465078 0.878517
565 565 0.546097 0.977801
565 736 0.147828 0.952198
566 173 0.404909 0.553577
566 566 0.152432 0.319001
566 579 0.753643 0.572488
567 567 0.201063 0.465142
568 242 0.636448 0.101678
568 472 0.778032 0.372961
568 568 0.638557 0.250283
568 858 0.128567 0.599231
569 336 0.177442 0.374639
569 569 0.794219 0.083439
570 570 0.314565 0.931862
571 283 0.383005 0.793398
571 505 0.129538 0.933420
571 571 0.436014 0.537706
571 593 0.521927 0.931253
572 387 0.887483 0.584596
572 572 0.990241 0.502828
572 781 0.512396 0.913776
573 260 0.280592 0.158683
573 573 0.957263 0.285522
574 503 0.941337 0.571566
574 574 0.096761 0.592286
575 216 0.080784 0.128751
575 306 0.546212 0.558759
575 569 0.969287 0.072332
575 575 0.190211 0.920678
575 986 0.102960 0.426332
576 285 0.830945 0.099885
576 576 0.840558 0.305815
576 678 0.092765 0.221406
577 470 0.166181 0.143514
577 577 0.887994 0.362502
577 875 0.926308 0.698805
578 151 0.559754 0.175468
578 578 0.249102 0.086084
579 205 0.448876 0.790692
579 579 0.765851 0.109263
579 994 0.326506 0.602583
580 175 0.781631 0.223609
580 451 0.354546 0.642560
580 580 0.342875 0.530768
581 581 0.816827 0.126493
581 688 0.510872 0.307459
582 315 0.644424 0.390827
582 535 0.642454 0.850233
582 582 0.467692 0.174351
583 15 0.436042 0.238442
583 256 0.388027 0.921520
583 583 0.908402 0.920861
583 831 0.956789 0.803432
584 534 0.575081 0.905263
584 584 0.846190 0.484442
585 120 0.828657 0.407130
585 181 0.874105 0.618832
585 186 0.575296 0.865989
585 585 0.686666 0.633052
585 929 0.563516 0.484886
586 530 0.456578 0.619850
586 586 0.214389 0.391710
587 587 0.657560 0.267295
587 664 0.928541 0.759694
587 867 0.999451 0.498224
588 588 0.379116 0.204431
588 804 0.644246 0.030610
588 994 0.520882 0.411224
589 59 0.599279 0.032958
589 589 0.527987 0.375940
589 879 0.344638 0.606002
589 957 0.102807 0.493898
590 590 0.448187 0.042060
591 591 0.675643 0.467849
591 830 0.211778 0.214090
592 592 0.194040 0.078287
592 840 0.344779 0.564244
593 593 0.956748 0.948896
594 547 0.675370 0.485023
594 594 0.720049 0.382744
595 595 0.483986 0.629676
595 714 0.836652 0.044167
596 596 0.267095 0.110458
597 597 0.280601 0.345708
597 939 0.253771 0.770992
598 598 0.859451 0.897394
598 696 0.050834 0.560727
599 3 0.541426 0.588072
599 254 0.727724 0.530923
599 440 0.128536 0.663470
599 479 0.263941 0.309693
599 599 0.989306 0.058224
600 444 0.482681 0.524514
600 454 0.381055 0.796690
600 600 0.003188 0.149886
600 629 0.602240 0.955369
601 601 0.436525 0.922315
601 975 0.222287 0.887621
602 28 0.670883 0.164409
602 602 0.110454 0.125494
602 851 0.027683 0.231679
603 603 0.237014 0.330931
604 604 0.188644 0.843220
605 192 0.380848 0.935556
605 605 0.254804 0.179434
606 139 0.292334 0.797226
606 159 0.157283 0.226069
606 606 0.720943 0.900308
607 74 0.314645 0.533044
607 607 0.604382 0.338448
608 112 0.524955 0.073116
608 492 0.630893 0.748236
608 608 0.632887 0.036136
608 702 0.229367 0.342120
609 609 0.281341 0.066455
609 758 0.659062 0.795653
610 610 0.069529 0.253611
610 848 0.025227 0.387180
611 512 0.982409 0.613088
611 611 0.643169 0.649068
611 654 0.215689 0.204194
612 59 0.298911 0.414813
612 373 0.055875 0.221683
612 612 0.587729 0.643683
612 945 0.832776 0.411575
613 613 0.659541 0.107903
613 698 0.015655 0.660815
614 614 0.030256 0.572014
614 928 0.750554 0.765992
615 90 0.622101 0.820583
615 341 0.782620 0.869501
615 615 0.812551 0.318125
615 723 0.980090 0.201981
616 616 0.331215 0.231608
617 120 0.496206 0.845249
617 390 0.812614 0.510279
617 571 0.168971 0.364416
617 617 0.677005 0.674524
617 814 0.000975 0.801687
618 157 0.954158 0.717121
618 260 0.531441 0.839589
618 618 0.343273 0.477769
619 619 0.406335 0.940018
620 620 0.884533 0.285227
620 916 0.655223 0.637011
621 621 0.625955 0.554619
622 42 0.237776 0.465344
622 622 0.578361 0.842718
622 908 0.403070 0.404177
623 623 0.552957 0.081976
624 103 0.276901 0.824322
624 153 0.312034 0.099756
624 224 0.043407 0.077826
624 624 0.423683 0.056745
625 102 0.185975 0.410128
625 625 0.971138 0.002283
626 153 0.969257 0.154432
626 626 0.173121 0.839563
626 803 0.867115 0.154999
626 859 0.124374 0.307566
627 132 0.007759 0.524581
627 340 0.091021 0.190498
627 627 0.349383 0.642096
628 628 0.792985 0.310153
629 481 0.615715 0.913827
629 629 0.426257 0.752714
630 471 0.149295 0.608338
630 630 0.956346 0.234832
630 694 0.876321 0.986975
630 992 0.854375 0.408650
631 428 0.215944 0.292348
631 567 0.418303 0.916001
631 611 0.550485 0.504520
631 631 0.981723 0.599219
632 109 0.412361 0.378680
632 148 0.556050 0.024705
632 279 0.398698 0.257722
632 632 0.471019 0.671398
633 633 0.183734 0.302568
633 851 0.486753 0.810952
634 58 0.040619 0.569325
634 634 0.752775 0.289289
634 968 0.647074 0.076414
635 635 0.194166 0.988543
635 689 0.219605 0.295674
635 891 0.273055 0.979160
636 2 0.873582 0.698745
636 135 0.678500 0.199479
636 279 0.345806 0.355012
636 636 0.142692 0.291601
636 641 0.161416 0.666405
636 678 0.369579 0.012055
636 833 0.788850 0.427755
636 884 0.463080 0.733972
637 637 0.128619 0.486638
637 705 0.567132 0.081066
637 857 0.956043 0.227564
638 106 0.178255 0.554241
638 464 0.543050 0.554948
638 638 0.438646 0.282779
639 639 0.000581 0.695767
639 819 0.602192 0.481205
640 489 0.455018 0.343853
640 640 0.017738 0.919385
641 388 0.754647 0.206031
641 641 0.837897 0.974800
641 958 0.296262 0.346704
641 984 0.641114 0.784534
642 376 0.438526 0.463710
642 642 0.284554 0.965125
643 221 0.614619 0.011891
643 643 0.650044 0.294797
644 644 0.971352 0.257300
645 297 0.409422 0.901647
645 425 0.034025 0.518036
645 645 0.546858 0.182722
645 657 0.876463 0.811968
646 646 0.925009 0.982071
647 647 0.535607 0.105677
648 40 0.656782 0.201201
648 114 0.065584 0.390136
648 648 0.105817 0.208985
648 704 0.430089 0.193113
648 737 0.537294 0.327538
649 482 0.379438 0.850350
649 649 0.815943 0.853701
649 664 0.960860 0.559525
650 650 0.677519 0.478845
650 988 0.021627 0.568056
651 651 0.764731 0.654349
651 804 0.483212 0.542657
652 352 0.468166 0.017528
652 652 0.366749 0.602481
652 941 0.383292 0.239575
653 404 0.173578 0.196114
653 648 0.633711 0.371657
653 653 0.503593 0.232950
654 338 0.034300 0.766430
654 636 0.092143 0.708012
654 654 0.802048 0.470892
655 174 0.418842 0.521552
655 655 0.027626 0.229832
655 718 0.722288 0.166362
656 424 0.320216 0.718241
656 656 0.152270 0.214915
656 995 0.378521 0.835561
657 387 0.250611 0.546129
657 571 0.781600 0.085535
657 657 0.720293 0.956990
657 767 0.250609 0.854330
658 101 0.416287 0.377591
658 564 0.356832 0.009363
658 658 0.084034 0.566971
659 526 0.799166 0.533364
659 659 0.555596 0.970433
660 114 0.720189 0.821885
660 214 0.483878 0.342598
660 660 0.012208 0.767127
660 739 0.156708 0.308513
660 913 0.505501 0.946565
661 661 0.312980 0.692597
661 914 0.431365 0.686762
662 138 0.283943 0.669832
662 559 0.970779 0.142763
662 662 0.946318 0.319797
663 532 0.640522 0.021260
663 663 0.728693 0.686580
663 923 0.257673 0.080035
664 664 0.945095 0.394897
665 665 0.793203 0.011542
665 780 0.689853 0.818613
666 53 0.677377 0.103285
666 666 0.244096 0.997885
667 287 0.188894 0.118468
667 667 0.958234 0.900910
667 913 0.162557 0.007478
668 43 0.198622 0.999564
668 447 0.166626 0.589609
668 520 0.690969 0.285617
668 668 0.973766 0.410109
668 795 0.417121 0.580037
668 960 0.193094 0.351674
669 270 0.529174 0.267981
669 669 0.908576 0.255812
670 251 0.015807 0.360620
670 436 0.173912 0.245063
670 587 0.414043 0.548259
670 664 0.285225 0.111331
670 670 0.694948 0.718720
671 170 0.999751 0.188562
671 671 0.009639 0.049195
672 371 0.488819 0.553049
672 526 0.324397 0.865485
672 617 0.106667 0.589340
672 672 0.880607 0.166643
673 565 0.251686 0.218008
673 568 0.386993 0.939691
673 673 0.201857 0.498410
673 810 0.748350 0.697813
674 674 0.233098 0.615365
674 835 0.033172 0.150320
675 26 0.210565 0.369246
675 144 0.312409 0.210296
675 675 0.170306 0.137452
675 814 0.574942 0.146229
675 959 0.875486 0.733850
676 445 0.369078 0.832641
676 676 0.699342 0.758829
677 142 0.317483 0.496814
677 677 0.229379 0.176146
677 984 0.694526 0.162227
678 397 0.902166 0.849469
678 530 0.376821 0.219977
678 678 0.544213 0.375871
679 33 0.025095 0.194575
679 102 0.827809 0.794912
679 282 0.207466 0.035461
679 537 0.330700 0.331146
679 679 0.308411 0.456910
679 765 0.421965 0.329784
680 29 0.304780 0.583371
680 450 0.378596 0.962212
680 680 0.645826 0.086317
680 696 0.518820 0.918244
681 130 0.993651 0.184444
681 222 0.057280 0.567614
681 542 0.570275 0.906533
681 681 0.348608 0.215145
681 820 0.813734 0.255975
682 682 0.035093 0.158988
683 683 0.241642 0.053704
683 961 0.794983 0.049248
684 319 0.753126 0.685704
684 684 0.542166 0.314778
684 786 0.281317 0.632133
685 685 0.249920 0.423612
686 686 0.118493 0.034851
687 608 0.658479 0.397533
687 687 0.700343 0.203901
687 795 0.483894 0.634027
688 509 0.070270 0.709111
688 688 0.802833 0.145157
688 699 0.516330 0.298771
689 689 0.653814 0.511730
690 397 0.976068 0.158059
690 690 0.725460 0.161505
690 871 0.507825 0.297298
691 691 0.802305 0.261129
692 681 0.730387 0.247803
692 692 0.999178 0.327998
692 779 0.845711 0.753412
692 906 0.011600 0.977572
693 525 0.362233 0.293747
693 680 0.002010 0.639358
693 693 0.605608 0.166721
694 189 0.469972 0.753798
694 520 0.442700 0.827500
694 694 0.367190 0.611137
695 695 0.625874 0.674989
695 761 0.675082 0.496306
696 96 0.072020 0.937911
696 418 0.547925 0.958151
696 548 0.052662 0.033754
696 696 0.703451 0.372724
697 301 0.113058 0.261855
697 446 0.940196 0.526464
697 689 0.980622 0.630875
697 697 0.205163 0.507946
698 176 0.683280 0.571967
698 532 0.777468 0.168167
698 698 0.478411 0.410082
699 699 0.133696 0.527724
699 706 0.264869 0.222240
700 397 0.563141 0.394747
700 700 0.472629 0.441625
701 463 0.219845 0.443754
701 701 0.903301 0.418803
702 642 0.858636 0.849817
702 702 0.702527 0.310154
702 795 0.528958 0.693220
703 304 0.717756 0.522865
703 310 0.921331 0.288797
703 452 0.679416 0.627378
703 507 0.340083 0.364128
703 670 0.014142 0.591499
703 703 0.593720 0.345819
704 704 0.317820 0.596498
704 938 0.293230 0.616009
705 705 0.690035 0.086865
706 553 0.835865 0.219683
706 706 0.678635 0.410999
707 402 0.761879 0.801465
707 572 0.884125 0.945127
707 707 0.533064 0.867383
707 731 0.076425 0.918228
708 373 0.629386 0.330475
708 708 0.150765 0.421676
709 339 0.638235 0.492129
709 709 0.640138 0.914577
710 84 0.975047 0.550790
710 226 0.102481 0.503618
710 710 0.321380 0.918719
711 215 0.086268 0.700312
711 293 0.570409 0.452230
711 711 0.745488 0.905500
711 726 0.060957 0.008531
712 503 0.038699 0.782892
712 712 0.417943 0.026235
713 406 0.802588 0.202577
713 713 0.716117 0.437006
714 375 0.401169 0.388288
714 670 0.081026 0.663873
714 714 0.413796 0.896623
715 252 0.295622 0.052754
715 451 0.067262 0.714118
715 715 0.222917 0.836160
716 716 0.624348 0.408595
717 378 0.417537 0.302397
717 717 0.274679 0.009834
717 734 0.378888 0.297849
718 718 0.822862 0.145539
719 464 0.975001 0.592947
719 521 0.929824 0.584895
719 719 0.348280 0.136107
720 720 0.986524 0.955742
720 813 0.293788 0.614004
720 984 0.006412 0.724740
721 688 0.304835 0.391630
721 721 0.175652 0.382927
721 923 0.633768 0.751993
722 201 0.876662 0.457377
722 341 0.606039 0.066717
722 403 0.915358 0.795437
722 587 0.836238 0.849348
722 722 0.373389 0.458148
723 723 0.768788 0.542010
723 727 0.631872 0.864053
724 724 0.956247 0.562584
725 290 0.164790 0.642993
725 326 0.769216 0.743352
725 725 0.953313 0.379123
726 726 0.205069 0.910819
727 727 0.661976 0.616005
728 40 0.425198 0.947579
728 100 0.101262 0.544476
728 103 0.191884 0.853120
728 728 0.052469 0.210795
729 481 0.840680 0.938025
729 729 0.060568 0.200445
729 816 0.969823 0.605240
730 730 0.818769 0.458826
731 74 0.632779 0.765829
731 731 0.487982 0.683653
731 848 0.652130 0.307866
732 46 0.348365 0.433361
732 451 0.638724 0.585840
732 732 0.076526 0.040600
732 975 0.400565 0.531165
733 733 0.785729 0.824770
733 911 0.144142 0.746692
734 35 0.158885 0.077394
734 371 0.338688 0.265274
734 590 0.809914 0.955031
734 734 0.800529 0.930865
734 843 0.425419 0.313157
735 735 0.616445 0.916675
735 786 0.227152 0.173009
736 109 0.534147 0.624288
736 586 0.623306 0.161842
736 594 0.670133 0.939941
736 699 0.148933 0.077592
736 734 0.104811 0.037696
736 736 0.988932 0.901511
737 376 0.174261 0.560460
737 737 0.504961 0.539591
738 385 0.601444 0.741526
738 665 0.060417 0.898106
738 707 0.108447 0.802422
738 738 0.507832 0.333523
738 823 0.642058 0.424307
738 934 0.202078 0.435312
739 350 0.969797 0.576347
739 739 0.282060 0.400739
740 364 0.055049 0.844615
740 483 0.080314 0.197345
740 506 0.343522 0.692690
740 740 0.384395 0.639816
740 800 0.484693 0.576623
741 15 0.902557 0.991617
741 741 0.289466 0.583586
742 742 0.624768 0.631980
742 869 0.603217 0.402152
743 115 0.223210 0.250096
743 743 0.240795 0.689464
743 871 0.549440 0.664071
743 970 0.020713 0.405819
744 744 0.605194 0.099988
745 427 0.724208 0.312124
745 745 0.075522 0.121878
745 835 0.203321 0.392957
746 624 0.942045 0.345326
746 746 0.081191 0.894031
747 747 0.478000 0.858053
747 825 0.137851 0.892269
748 273 0.672487 0.949683
748 357 0.331742 0.284152
748 532 0.339515 0.279930
748 748 0.713684 0.947883
749 749 0.903589 0.900092
749 864 0.552366 0.352125
750 556 0.590394 0.104213
750 750 0.763294 0.607377
751 751 0.534944 0.949233
751 848 0.755425 0.333816
751 970 0.123410 0.257938
752 738 0.672060 0.026314
752 752 0.099301 0.023979
752 968 0.425801 0.250225
753 196 0.006048 0.822085
753 753 0.496862 0.168343
754 19 0.415844 0.208705
754 232 0.672817 0.236793
754 282 0.972171 0.584662
754 336 0.597967 0.379925
754 343 0.958996 0.050204
754 650 0.147890 0.586377
754 754 0.443890 0.873765
755 575 0.325255 0.756478
755 662 0.531387 0.587397
755 701 0.514939 0.479852
755 755 0.963413 0.411614
756 245 0.288346 0.996776
756 437 0.695661 0.457442
756 756 0.573028 0.188896
757 299 0.139418 0.508849
757 741 0.932019 0.551709
757 757 0.795960 0.559767
757 900 0.154242 0.856715
758 604 0.381572 0.100121
758 758 0.898677 0.222460
759 213 0.391361 0.532914
759 292 0.390404 0.823987
759 679 0.177671 0.368608
759 759 0.321778 0.083734
760 161 0.770834 0.925628
760 702 0.422133 0.342753
760 760 0.303158 0.596475
760 764 0.417977 0.538007
761 761 0.429312 0.515186
761 883 0.324989 0.604315
762 623 0.468922 0.368014
762 762 0.882287 0.625576
762 881 0.774191 0.328240
762 926 0.344074 0.558116
763 763 0.794665 0.947681
764 231 0.584522 0.479606
764 544 0.788788 0.199057
764 764 0.212218 0.254204
765 13 0.458273 0.537782
765 754 0.020784 0.484766
765 765 0.419295 0.703575
766 145 0.990653 0.046858
766 316 0.248824 0.813869
766 600 0.461918 0.590631
766 766 0.942634 0.250872
767 56 0.667480 0.135623
767 249 0.061377 0.143767
767 435 0.826752 0.455608
767 436 0.806147 0.410923
767 767 0.585703 0.749494
767 956 0.504834 0.941146
768 643 0.050252 0.831875
768 768 0.915531 0.394478
769 524 0.551754 0.096823
769 707 0.615581 0.329738
769 769 0.929749 0.641569
770 770 0.184742 0.999934
771 771 0.642359 0.942927
772 474 0.884249 0.482652
772 772 0.975193 0.192533
772 905 0.448958 0.456196
773 266 0.542263 0.263117
773 400 0.914587 0.446293
773 560 0.069244 0.030609
773 565 0.183885 0.144316
773 692 0.986457 0.547276
773 773 0.175394 0.139070
774 774 0.080261 0.476679
774 826 0.452289 0.688340
774 912 0.496569 0.706825
775 775 0.499458 0.071310
775 943 0.541438 0.341739
776 23 0.092000 0.909975
776 40 0.073422 0.235086
776 702 0.592886 0.655366
776 776 0.874322 0.032123
777 55 0.501843 0.706930
777 777 0.663642 0.940288
778 719 0.402546 0.218632
778 778 0.608940 0.072258
779 34 0.413101 0.045123
779 54 0.063703 0.514843
779 164 0.508975 0.091109
779 347 0.520666 0.228475
779 779 0.674289 0.829969
780 98 0.700107 0.599017
780 780 0.792506 0.204382
780 950 0.241224 0.236730
781 116 0.658622 0.881781
781 781 0.565881 0.334165
781 802 0.868895 0.618102
782 262 0.589784 0.863391
782 782 0.659298 0.619702
783 783 0.627385 0.024417
783 931 0.703133 0.191878
784 243 0.000532 0.935854
784 677 0.841327 0.485044
784 784 0.784180 0.868777
785 132 0.795102 0.670619
785 785 0.796302 0.849914
786 786 0.997247 0.048809
786 828 0.536280 0.990078
787 425 0.571596 0.172817
787 447 0.492789 0.159755
787 492 0.648171 0.431982
787 787 0.489428 0.857325
788 13 0.304904 0.870527
788 788 0.056801 0.445260
788 970 0.424289 0.360017
789 468 0.606154 0.588741
789 528 0.356479 0.118107
789 673 0.424179 0.230872
789 789 0.404135 0.816694
790 644 0.963374 0.100259
790 790 0.158657 0.077732
790 991 0.200499 0.203639
791 322 0.374049 0.923634
791 685 0.610661 0.863129
791 743 0.398195 0.243735
791 791 0.868536 0.527511
792 3 0.837344 0.168432
792 792 0.328490 0.934988
793 218 0.381125 0.501443
793 793 0.874370 0.113616
794 243 0.133099 0.661453
794 794 0.643427 0.748281
795 94 0.546686 0.151991
795 236 0.044430 0.505233
795 536 0.486808 0.478697
795 795 0.976604 0.550281
795 969 0.389323 0.272112
796 796 0.809640 0.201728
797 797 0.621455 0.965823
797 979 0.793620 0.802934
798 798 0.441379 0.396489
798 873 0.092264 0.420051
798 982 0.341576 0.302405
799 799 0.603614 0.618221
800 800 0.799276 0.641726
801 200 0.050468 0.870175
801 268 0.357062 0.242654
801 280 0.020088 0.499560
801 440 0.233162 0.204529
801 801 0.482986 0.618383
801 842 0.360262 0.425501
802 278 0.141393 0.281167
802 802 0.800486 0.361850
802 912 0.953065 0.891283
803 152 0.010046 0.115671
803 549 0.733994 0.975347
803 803 0.120997 0.404895
803 809 0.568570 0.728210
803 840 0.939605 0.485915
804 804 0.896825 0.355938
805 631 0.901263 0.576480
805 805 0.676600 0.049109
806 57 0.947218 0.889977
806 568 0.778302 0.067613
806 806 0.414951 0.472293
807 807 0.526264 0.546026
808 100 0.406546 0.937317
808 795 0.089840 0.493691
808 808 0.083417 0.536475
809 464 0.869003 0.765569
809 552 0.895383 0.871527
809 697 0.736099 0.854936
809 809 0.902033 0.816871
810 106 0.245016 0.915642
810 810 0.483125 0.104597
811 84 0.072609 0.414440
811 766 0.539801 0.524850
811 811 0.041057 0.979427
811 813 0.049867 0.873862
811 872 0.140339 0.140026
812 282 0.022900 0.943052
812 496 0.212745 0.631161
812 812 0.491005 0.845884
812 894 0.109545 0.145512
812 917 0.251800 0.172604
813 558 0.736182 0.893297
813 813 0.028319 0.524458
814 527 0.886849 0.007250
814 574 0.848973 0.100963
814 814 0.660260 0.272303
815 771 0.757805 0.985127
815 815 0.791216 0.607247
815 863 0.138153 0.304886
816 235 0.706447 0.784410
816 816 0.865477 0.872666
817 85 0.672086 0.657640
817 600 0.286481 0.592432
817 817 0.237045 0.868002
818 760 0.333369 0.889463
818 818 0.863645 0.894897
819 102 0.629126 0.735175
819 233 0.702469 0.157327
819 819 0.640769 0.929683
820 820 0.783664 0.190591
821 255 0.688815 0.434021
821 446 0.558975 0.960872
821 821 0.477825 0.336160
822 797 0.833741 0.321561
822 822 0.815465 0.263621
823 170 0.948610 0.206117
823 823 0.588630 0.094923
823 955 0.404133 0.728108
823 987 0.638841 0.107841
824 332 0.177209 0.688177
824 499 0.440045 0.262558
824 824 0.950270 0.110162
824 870 0.232611 0.323369
825 53 0.626233 0.831887
825 114 0.051267 0.087841
825 341 0.762298 0.782091
825 788 0.684970 0.197610
825 825 0.512535 0.982795
826 826 0.988428 0.695770
827 566 0.319637 0.074882
827 584 0.433304 0.689718
827 827 0.550450 0.175726
828 828 0.714212 0.129442
828 962 0.069666 0.264893
829 592 0.657681 0.486375
829 829 0.291649 0.159140
829 921 0.927176 0.193113
829 941 0.355927 0.120691
830 516 0.253509 0.750247
830 532 0.701583 0.580848
830 685 0.774003 0.347504
830 830 0.722156 0.653984
830 843 0.389552 0.149051
831 485 0.827054 0.702758
831 718 0.924161 0.789066
831 831 0.266464 0.394044
831 956 0.099946 0.119091
832 333 0.420050 0.495322
832 832 0.822754 0.717077
832 978 0.560997 0.648358
833 833 0.878187 0.319784
834 174 0.757508 0.288444
834 254 0.859490 0.134523
834 573 0.746764 0.132073
834 639 0.282151 0.497427
834 834 0.686485 0.541612
835 835 0.139082 0.000159
835 887 0.098552 0.745455
836 369 0.002295 0.627009
836 807 0.429346 0.406371
836 836 0.096160 0.127461
837 39 0.004715 0.115728
837 241 0.380308 0.022091
837 501 0.619110 0.912822
837 837 0.308885 0.064372
838 838 0.582492 0.395318
839 57 0.911626 0.040284
839 58 0.109222 0.138079
839 839 0.773388 0.399180
840 269 0.868135 0.933625
840 552 0.049115 0.442790
840 840 0.961913 0.507263
841 352 0.919908 0.216356
841 841 0.552975 0.293290
842 60 0.808362 0.217660
842 100 0.499899 0.045553
842 115 0.279609 0.194227
842 539 0.626815 0.568488
842 842 0.633732 0.819799
843 843 0.513045 0.800047
844 457 0.327749 0.024453
844 844 0.091882 0.883089
845 4 0.488801 0.695502
845 371 0.774885 0.195711
845 845 0.468296 0.540451
846 361 0.526249 0.420268
846 421 0.205843 0.968823
846 521 0.012093 0.728709
846 846 0.920138 0.871063
846 884 0.428167 0.143155
847 755 0.917713 0.829516
847 847 0.492028 0.727124
848 8 0.398167 0.646151
848 437 0.453873 0.496275
848 848 0.188217 0.145437
849 747 0.694299 0.749541
849 849 0.651757 0.591976
850 178 0.631749 0.868167
850 413 0.713677 0.396093
850 418 0.498529 0.697696
850 439 0.749814 0.413526
850 850 0.877301 0.044873
851 307 0.915666 0.428001
851 389 0.556232 0.745029
851 629 0.867411 0.053977
851 638 0.266399 0.009296
851 851 0.773668 0.021743
852 648 0.812508 0.752888
852 795 0.140917 0.968530
852 815 0.144851 0.104247
852 852 0.832043 0.478294
853 447 0.651791 0.298762
853 823 0.396726 0.365805
853 853 0.581016 0.309770
854 505 0.903574 0.226115
854 854 0.915955 0.968342
855 34 0.785278 0.456475
855 175 0.036486 0.405560
855 365 0.814325 0.316780
855 718 0.923890 0.560395
855 852 0.998504 0.963388
855 855 0.123640 0.387273
855 942 0.871462 0.105050
856 856 0.575637 0.823484
857 857 0.287631 0.516043
858 93 0.584128 0.520494
858 858 0.964988 0.281847
859 788 0.400493 0.780254
859 859 0.443812 0.550762
860 628 0.670866 0.856706
860 860 0.382732 0.300990
861 33 0.721882 0.995097
861 90 0.906516 0.094514
861 189 0.248117 0.184610
861 861 0.068997 0.454706
862 271 0.767553 0.107765
862 272 0.609455 0.389916
862 279 0.399532 0.119758
862 862 0.739261 0.472209
863 619 0.986284 0.836165
863 863 0.157741 0.503917
864 751 0.918710 0.862231
864 814 0.694275 0.120394
864 864 0.152344 0.035907
864 974 0.773287 0.418935
865 285 0.086932 0.582114
865 660 0.726557 0.376810
865 865 0.923836 0.134299
866 498 0.917425 0.381972
866 596 0.515733 0.552240
866 866 0.213469 0.679262
867 21 0.602202 0.176471
867 867 0.496785 0.885710
867 906 0.079014 0.417087
867 909 0.461091 0.655182
868 821 0.659345 0.910748
868 868 0.533523 0.632581
869 134 0.220625 0.063696
869 178 0.110624 0.567737
869 229 0.857620 0.467004
869 869 0.508555 0.730230
870 410 0.344827 0.062669
870 539 0.597328 0.868024
870 870 0.722903 0.359250
870 900 0.829710 0.976148
871 95 0.231377 0.549227
871 871 0.573663 0.788402
871 926 0.685001 0.966769
872 141 0.265254 0.285399
872 368 0.991692 0.555688
872 393 0.746150 0.050149
872 872 0.253829 0.313745
873 873 0.791575 0.206431
873 942 0.148109 0.942904
874 157 0.155086 0.332988
874 874 0.966778 0.858338
875 7 0.068313 0.444513
875 460 0.427458 0.168715
875 515 0.538174 0.862213
875 875 0.461180 0.313181
876 421 0.163211 0.044495
876 876 0.018231 0.961441
876 907 0.101970 0.424453
877 287 0.384324 0.172012
877 877 0.856782 0.123104
878 878 0.797083 0.706911
879 107 0.703467 0.351188
879 620 0.891602 0.278106
879 879 0.190044 0.931797
880 60 0.171933 0.725425
880 798 0.992178 0.088206
880 821 0.854729 0.780860
880 880 0.013788 0.068486
881 580 0.087076 0.857994
881 790 0.527534 0.406573
881 881 0.500896 0.062112
882 651 0.903636 0.739443
882 688 0.997473 0.200769
882 853 0.987355 0.475796
882 882 0.050583 0.149742
883 50 0.403324 0.903436
883 525 0.302497 0.615214
883 579 0.655741 0.610714
883 865 0.121488 0.307490
883 883 0.910198 0.938546
884 307 0.484505 0.352484
884 573 0.051543 0.662716
884 737 0.814625 0.313927
884 833 0.947715 0.212432
884 884 0.438852 0.506229
885 854 0.207517 0.484728
885 885 0.886344 0.215343
886 124 0.186686 0.704331
886 145 0.129340 0.310894
886 189 0.614109 0.783283
886 462 0.960136 0.134030
886 519 0.136750 0.997863
886 715 0.400991 0.632929
886 886 0.138578 0.836779
887 4 0.005211 0.267692
887 164 0.836543 0.933881
887 189 0.712736 0.009588
887 246 0.299771 0.890444
887 306 0.076418 0.079008
887 349 0.316576 0.928293
887 511 0.922485 0.970702
887 887 0.082051 0.307901
888 256 0.900929 0.527402
888 888 0.833677 0.767346
888 936 0.295844 0.340112
889 2 0.958966 0.228953
889 358 0.018123 0.374458
889 889 0.832898 0.691763
890 39 0.546751 0.665411
890 89 0.155902 0.830675
890 358 0.994338 0.850624
890 890 0.805207 0.902872
891 475 0.110708 0.559444
891 891 0.220236 0.983919
892 892 0.612097 0.965909
893 15 0.990606 0.607812
893 861 0.706493 0.020998
893 893 0.598157 0.552979
894 338 0.912581 0.813399
894 894 0.694405 0.165749
895 273 0.470837 0.874533
895 562 0.556947 0.594915
895 645 0.701081 0.537140
895 895 0.873250 0.918456
896 285 0.009221 0.781428
896 896 0.436946 0.208234
897 318 0.934196 0.434545
897 897 0.132860 0.727232
898 898 0.794223 0.482850
899 899 0.609732 0.887248
900 78 0.021771 0.081925
900 165 0.923918 0.225817
900 328 0.895249 0.009323
900 667 0.844756 0.860325
900 705 0.372746 0.450688
900 900 0.420951 0.474768
900 960 0.491005 0.745100
901 82 0.284346 0.788880
901 901 0.809528 0.919363
901 937 0.980899 0.634564
902 185 0.024417 0.698872
902 329 0.582104 0.504475
902 902 0.810624 0.709029
903 903 0.722164 0.678572
904 605 0.531109 0.377989
904 686 0.456455 0.741310
904 904 0.558250 0.444828
905 417 0.043102 0.337933
905 473 0.267063 0.131626
905 639 0.597400 0.609612
905 905 0.671567 0.751486
906 377 0.361536 0.253279
906 906 0.989592 0.198498
907 424 0.496672 0.962854
907 597 0.253121 0.728834
907 907 0.550499 0.190034
907 959 0.657244 0.260532
907 966 0.250172 0.202330
908 403 0.427928 0.430174
908 592 0.346282 0.293690
908 757 0.047149 0.540544
908 908 0.601171 0.894283
909 150 0.935934 0.249020
909 909 0.897263 0.617452
909 984 0.104888 0.065488
910 366 0.681080 0.598396
910 910 0.289247 0.412980
911 911 0.730424 0.112749
912 354 0.888637 0.404112
912 912 0.396774 0.299716
913 129 0.017957 0.942510
913 589 0.299015 0.842227
913 913 0.392231 0.646658
914 369 0.209607 0.509989
914 868 0.747816 0.835496
914 914 0.917579 0.221107
915 367 0.963593 0.626646
915 915 0.480291 0.347628
916 1 0.160859 0.282159
916 72 0.153799 0.581161
916 78 0.543807 0.931633
916 916 0.101031 0.984497
917 86 0.410706 0.109339
917 821 0.349738 0.708903
917 917 0.205845 0.622494
918 739 0.612364 0.448607
918 751 0.327199 0.686252
918 918 0.217233 0.374673
919 311 0.436901 0.572455
919 476 0.455583 0.136033
919 919 0.661422 0.547006
920 212 0.151628 0.043812
920 358 0.480588 0.777404
920 406 0.412615 0.885257
920 431 0.912311 0.260042
920 920 0.515626 0.592492
921 7 0.312580 0.612716
921 37 0.195128 0.426837
921 389 0.975945 0.665952
921 799 0.808370 0.772475
921 921 0.491112 0.557843
922 439 0.529017 0.882341
922 634 0.464342 0.184856
922 707 0.599665 0.664283
922 922 0.452055 0.239973
923 234 0.024480 0.110069
923 923 0.662221 0.845478
924 98 0.303312 0.348038
924 181 0.256546 0.157846
924 205 0.700750 0.161949
924 419 0.060675 0.590386
924 924 0.648216 0.897913
925 385 0.519820 0.315813
925 442 0.653054 0.887026
925 709 0.395472 0.045088
925 714 0.921511 0.843002
925 925 0.031736 0.390957
926 13 0.847111 0.785123
926 90 0.550655 0.090029
926 926 0.900296 0.336049
927 471 0.086921 0.435540
927 874 0.464364 0.981229
927 927 0.540152 0.157885
927 955 0.610460 0.670078
928 483 0.814293 0.052869
928 663 0.265150 0.556390
928 928 0.413563 0.214674
929 509 0.938447 0.198149
929 678 0.840329 0.782436
929 751 0.628704 0.011680
929 929 0.033891 0.075314
930 239 0.100939 0.700293
930 500 0.191025 0.420275
930 930 0.316221 0.998012
931 35 0.505588 0.921286
931 206 0.402034 0.305830
931 211 0.206631 0.567625
931 483 0.697323 0.776733
931 931 0.665213 0.785464
932 757 0.063306 0.786992
932 932 0.971375 0.394772
932 979 0.806013 0.213213
932 988 0.307034 0.495734
933 151 0.288342 0.118231
933 564 0.703684 0.920013
933 772 0.672192 0.972675
933 793 0.344855 0.545118
933 933 0.365789 0.966583
933 942 0.988695 0.430630
934 281 0.631222 0.601018
934 591 0.494337 0.001864
934 658 0.996928 0.890712
934 934 0.132135 0.720386
935 319 0.372203 0.918719
935 913 0.173966 0.941435
935 935 0.086900 0.633623
936 132 0.993315 0.418259
936 346 0.173065 0.865003
936 867 0.358863 0.392299
936 936 0.359739 0.051461
937 202 0.300271 0.736560
937 206 0.257319 0.013790
937 460 0.564278 0.543990
937 937 0.404317 0.611747
938 193 0.105758 0.879896
938 331 0.962363 0.032074
938 482 0.563468 0.633672
938 938 0.516368 0.651457
939 28 0.361458 0.643658
939 51 0.789093 0.516468
939 600 0.391844 0.536274
939 911 0.096633 0.364375
939 939 0.658231 0.443854
940 769 0.295669 0.352347
940 940 0.531692 0.218397
941 413 0.195996 0.798998
941 528 0.497165 0.749505
941 572 0.155280 0.951655
941 941 0.184132 0.008581
942 73 0.370812 0.400537
942 105 0.139648 0.282301
942 196 0.227161 0.464396
942 942 0.326173 0.329144
943 397 0.989074 0.374433
943 943 0.748501 0.675208
944 33 0.275551 0.529672
944 112 0.221265 0.373732
944 144 0.617279 0.333401
944 344 0.204736 0.839412
944 401 0.637117 0.265154
944 607 0.118367 0.205108
944 944 0.379983 0.469942
945 121 0.210023 0.013661
945 945 0.585488 0.060507
946 631 0.842400 0.273815
946 946 0.555070 0.547786
947 34 0.056894 0.118340
947 725 0.670193 0.950805
947 947 0.652513 0.526039
948 56 0.519880 0.654803
948 504 0.268486 0.272132
948 948 0.901066 0.810764
949 578 0.342602 0.486309
949 827 0.241538 0.783661
949 949 0.596659 0.500302
950 170 0.194903 0.878589
950 418 0.315477 0.091955
950 950 0.985586 0.459246
951 294 0.474436 0.705761
951 951 0.579246 0.025978
952 367 0.135421 0.189346
952 653 0.988344 0.743559
952 656 0.046661 0.893819
952 844 0.647666 0.916536
952 952 0.354055 0.322741
953 280 0.558948 0.116023
953 474 0.159484 0.379420
953 712 0.790769 0.146199
953 883 0.186320 0.340692
953 953 0.168102 0.457173
954 954 0.740798 0.042983
955 180 0.504765 0.062299
955 395 0.130709 0.365191
955 955 0.173442 0.086941
956 493 0.885000 0.424173
956 814 0.137829 0.355902
956 956 0.893968 0.817665
957 366 0.245277 0.478487
957 554 0.061081 0.276374
957 785 0.697971 0.073612
957 957 0.741317 0.143122
958 160 0.244647 0.007852
958 512 0.285466 0.901557
958 958 0.223871 0.652636
959 177 0.858916 0.022787
959 340 0.107095 0.241406
959 593 0.706016 0.743418
959 607 0.100033 0.744285
959 959 0.178048 0.400656
960 298 0.622550 0.835200
960 338 0.999802 0.299746
960 960 0.209973 0.874981
961 961 0.570550 0.862502
962 42 0.711177 0.892793
962 265 0.806045 0.288971
962 406 0.707602 0.216803
962 655 0.719772 0.938833
962 779 0.225232 0.195872
962 937 0.314686 0.149527
962 962 0.738976 0.457910
963 512 0.786115 0.651934
963 958 0.303664 0.040506
963 963 0.101342 0.861330
964 964 0.754569 0.370941
965 382 0.522769 0.495884
965 539 0.634240 0.439833
965 631 0.114350 0.934122
965 943 0.504229 0.463465
965 961 0.562237 0.142674
965 965 0.019602 0.778917
966 89 0.448940 0.426669
966 93 0.818129 0.717130
966 230 0.572002 0.987976
966 756 0.087285 0.298170
966 966 0.215054 0.507077
967 549 0.530015 0.889325
967 679 0.823136 0.280955
967 967 0.600585 0.567792
968 390 0.669032 0.244377
968 968 0.947479 0.523474
969 378 0.317857 0.013113
969 589 0.432457 0.919292
969 946 0.557129 0.309730
969 969 0.120172 0.551833
970 512 0.228049 0.096059
970 546 0.479085 0.491521
970 970 0.247052 0.711333
971 21 0.597600 0.668449
971 971 0.228326 0.540735
971 975 0.430603 0.419467
972 972 0.131271 0.346871
973 29 0.078379 0.306715
973 197 0.650615 0.417960
973 973 0.936303 0.803745
974 974 0.416329 0.276153
975 975 0.580650 0.855703
976 543 0.964325 0.097220
976 976 0.770903 0.704188
977 434 0.733166 0.966218
977 800 0.737984 0.406933
977 977 0.203168 0.870827
978 648 0.362727 0.476346
978 916 0.537656 0.128826
978 978 0.102653 0.351145
979 850 0.347775 0.475013
979 979 0.135998 0.235870
980 550 0.228955 0.282382
980 594 0.954054 0.682229
980 855 0.578462 0.518899
980 980 0.215083 0.347489
981 784 0.316860 0.562917
981 981 0.930211 0.541556
982 86 0.034274 0.582184
982 97 0.737860 0.719058
982 751 0.644523 0.946251
982 982 0.185203 0.240101
983 983 0.220919 0.306550
984 467 0.945087 0.649669
984 958 0.494266 0.190446
984 984 0.176298 0.683956
985 851 0.931199 0.127484
985 985 0.536332 0.910774
986 986 0.622754 0.088237
987 89 0.399928 0.137876
987 263 0.022466 0.003507
987 987 0.455031 0.650202
988 446 0.751986 0.736891
988 988 0.702461 0.023566
989 45 0.077614 0.853434
989 133 0.277741 0.466434
989 833 0.291540 0.139834
989 989 0.601265 0.329958
990 744 0.746892 0.132500
990 878 0.542656 0.724084
990 990 0.071279 0.021014
991 48 0.717167 0.675583
991 228 0.351530 0.408695
991 346 0.747760 0.972576
991 515 0.219772 0.297786
991 755 0.665456 0.328012
991 991 0.031636 0.069406
992 20 0.868858 0.614478
992 328 0.031892 0.554895
992 483 0.246029 0.303521
992 992 0.904779 0.372669
993 168 0.960870 0.719918
993 993 0.865021 0.564463
994 15 0.224810 0.177451
994 187 0.723648 0.343808
994 341 0.288725 0.949189
994 466 0.985172 0.147423
994 480 0.070222 0.986380
994 530 0.435932 0.320277
994 649 0.931403 0.541282
994 994 0.888891 0.988925
995 663 0.153058 0.284108
995 995 0.377435 0.729845
996 614 0.356793 0.221656
996 996 0.932424 0.125326
997 284 0.070757 0.986830
997 710 0.467725 0.197748
997 779 0.168941 0.564499
997 976 0.619874 0.184008
997 997 0.544325 0.606923
998 815 0.158827 0.075614
998 998 0.480479 0.783953
999 19 0.188190 0.507114
999 107 0.760513 0.543943
999 189 0.210809 0.403995
999 321 0.842426 0.178236
999 497 0.974050 0.385632
999 999 0.066982 0.781361
1000 527 0.899904 0.796024
1000 590 0.131260 0.943263
1000 649 0.593958 0.705550
1000 665 0.776633 0.082644
1000 902 0.233815 0.911409
1000 965 0.517477 0.332200
1000 1000 0.520616 0.332805
