1000 1000 
1 1 0.002245 0.001088
1 974 0.139485 0.508246
2 2 0.196923 0.023461
2 733 0.422600 0.026101
2 817 0.437474 0.386168
3 3 0.496324 0.560111
3 503 0.003494 0.133473
3 876 0.604960 0.273261
3 997 0.745687 0.198803
4 4 0.694048 0.734207
5 5 0.513950 0.778051
5 162 0.181895 0.262458
5 300 0.266244 0.767469
6 6 0.760248 0.001410
6 245 0.829978 0.357536
6 745 0.067978 0.974104
6 962 0.528394 0.272095
7 7 0.348994 0.226825
7 58 0.960693 0.399366
8 8 0.594115 0.214601
9 9 0.197745 0.064837
9 72 0.081005 0.903941
9 670 0.386027 0.345968
9 789 0.822723 0.390246
10 10 0.052645 0.076760
11 11 0.709955 0.886749
11 234 0.658628 0.146018
11 828 0.256126 0.483095
11 861 0.034112 0.920097
11 863 0.537263 0.850363
12 12 0.296216 0.642789
12 523 0.612503 0.381855
13 13 0.441267 0.190012
13 977 0.860992 0.355878
14 14 0.260320 0.165259
14 366 0.170730 0.780664
14 484 0.261206 0.227577
15 15 0.379977 0.430165
15 55 0.308668 0.717116
15 477 0.308269 0.936091
15 569 0.330646 0.024547
15 736 0.277914 0.703956
16 16 0.958067 0.091714
17 17 0.177152 0.495710
17 118 0.648768 0.821158
17 216 0.440086 0.578332
18 18 0.665765 0.145321
18 96 0.181418 0.641420
19 19 0.250704 0.222061
19 939 0.154111 0.926186
20 20 0.437033 0.398344
20 128 0.648189 0.500369
20 367 0.580799 0.994717
21 21 0.032573 0.545374
21 81 0.233319 0.117706
21 912 0.183776 0.919478
22 22 0.753928 0.889276
22 146 0.826635 0.518878
22 504 0.215095 0.513880
22 548 0.695564 0.885556
23 23 0.316676 0.045524
23 659 0.967578 0.205748
23 760 0.354981 0.563409
24 24 0.638287 0.243651
24 74 0.641373 0.149583
24 224 0.491354 0.846168
24 582 0.370048 0.793143
24 660 0.064479 0.792393
24 732 0.168462 0.264671
24 760 0.724355 0.795321
25 25 0.791832 0.168166
25 315 0.256924 0.002219
25 680 0.460722 0.946104
25 749 0.535542 0.231659
26 26 0.227893 0.411033
26 362 0.508213 0.638153
26 744 0.010996 0.784267
27 21 0.652626 0.218019
27 27 0.986832 0.361320
28 28 0.569162 0.668713
29 29 0.876909 0.426438
29 610 0.199245 0.868845
29 688 0.589352 0.033309
30 30 0.123565 0.661827
30 193 0.507552 0.331973
31 31 0.977396 0.097251
32 22 0.555102 0.936200
32 32 0.355684 0.528474
32 764 0.069055 0.502118
33 33 0.150455 0.714585
34 34 0.770711 0.280489
34 97 0.401635 0.111541
35 35 0.774265 0.200262
35 263 0.723114 0.653751
36 36 0.589018 0.695556
37 37 0.487646 0.274927
38 38 0.383274 0.621950
38 612 0.747040 0.455439
38 633 0.722738 0.512664
39 39 0.234250 0.135904
39 158 0.793955 0.549222
39 323 0.889356 0.061297
39 692 0.343665 0.561590
39 915 0.383943 0.440916
39 951 0.512937 0.981249
40 40 0.097784 0.725615
40 246 0.731470 0.145405
40 314 0.143375 0.748914
40 896 0.997656 0.470558
40 966 0.417785 0.736608
41 41 0.246456 0.923385
41 371 0.855258 0.362632
41 741 0.992654 0.121129
42 42 0.062217 0.810838
42 480 0.587385 0.014770
43 43 0.962067 0.183614
43 242 0.072781 0.805635
43 982 0.161569 0.051813
44 44 0.836745 0.358161
45 45 0.770053 0.947733
45 479 0.284425 0.295739
45 593 0.869494 0.687590
46 46 0.032393 0.578881
46 297 0.385357 0.542874
46 689 0.603697 0.109589
46 848 0.740057 0.744635
47 47 0.689569 0.884504
48 48 0.095029 0.637576
48 122 0.214692 0.694589
48 205 0.129095 0.776870
48 854 0.128829 0.624444
48 958 0.938535 0.293817
49 49 0.537339 0.066696
49 302 0.366221 0.892666
49 536 0.338208 0.728128
49 644 0.661999 0.401191
49 698 0.974881 0.610470
49 902 0.002903 0.168277
50 43 0.891444 0.412299
50 50 0.000748 0.049144
50 387 0.661893 0.235880
50 870 0.621710 0.905054
51 51 0.844134 0.887434
51 527 0.814121 0.508398
51 975 0.199949 0.221981
52 52 0.174353 0.685053
53 53 0.513644 0.821223
54 54 0.357368 0.204434
54 192 0.821489 0.341440
55 55 0.595704 0.252164
56 56 0.501400 0.466959
56 623 0.538277 0.938290
56 904 0.160341 0.071112
57 57 0.493438 0.008836
57 508 0.664835 0.824057
57 650 0.054425 0.277266
57 705 0.411539 0.552819
58 58 0.412392 0.028764
58 257 0.316186 0.905784
59 59 0.460877 0.296009
59 156 0.148786 0.363042
59 213 0.935262 0.052126
59 591 0.882651 0.094534
59 666 0.899931 0.246535
60 60 0.659795 0.191435
60 889 0.551890 0.651830
61 61 0.307362 0.398217
61 138 0.640942 0.456421
62 62 0.442101 0.410459
63 63 0.108781 0.182863
63 493 0.350550 0.337379
63 757 0.358213 0.305303
63 777 0.741134 0.501011
63 976 0.747423 0.857223
64 64 0.789725 0.642127
64 912 0.794228 0.278688
65 65 0.063601 0.742118
65 110 0.966728 0.193515
65 209 0.330541 0.456722
66 66 0.423480 0.091867
66 254 0.123259 0.388054
67 67 0.026201 0.466139
67 262 0.328886 0.288781
67 959 0.185697 0.663860
68 68 0.268773 0.096639
68 863 0.616341 0.320955
68 964 0.658886 0.188116
69 69 0.705768 0.899352
69 106 0.205882 0.784062
69 427 0.513757 0.427618
69 780 0.069285 0.147368
70 70 0.637011 0.415459
70 760 0.134628 0.745562
71 71 0.468765 0.478975
71 743 0.395923 0.174919
72 72 0.196822 0.124159
72 641 0.522630 0.795045
72 860 0.018958 0.290456
73 73 0.225063 0.033738
74 74 0.029397 0.105517
74 146 0.933545 0.257940
74 320 0.522766 0.430944
74 580 0.666994 0.668688
74 959 0.321529 0.493035
75 75 0.722200 0.278335
75 804 0.995269 0.124897
75 897 0.981663 0.953260
75 992 0.688905 0.875424
76 76 0.101414 0.893365
76 225 0.745319 0.069550
76 392 0.910689 0.032869
76 547 0.150361 0.874092
76 790 0.350994 0.667308
76 804 0.367517 0.276483
77 77 0.330023 0.054927
77 908 0.683153 0.948389
78 78 0.658178 0.763524
78 88 0.724276 0.999502
79 32 0.835360 0.948898
79 79 0.578151 0.346762
79 271 0.906763 0.554882
80 80 0.209000 0.730271
80 152 0.620069 0.519495
80 199 0.672129 0.176642
81 81 0.826675 0.169877
81 544 0.301929 0.547542
82 82 0.109266 0.192844
82 531 0.333301 0.022707
82 849 0.605813 0.345757
83 83 0.229600 0.264539
83 203 0.172139 0.625596
83 605 0.995824 0.333683
83 738 0.759291 0.122389
84 66 0.180030 0.070946
84 84 0.733694 0.822455
84 527 0.931846 0.417716
84 895 0.160019 0.379935
84 947 0.229424 0.562001
85 85 0.558556 0.271680
85 150 0.297562 0.102286
85 184 0.460249 0.959889
85 540 0.191282 0.368216
85 842 0.570518 0.317442
86 1 0.732456 0.626349
86 38 0.520455 0.204680
86 86 0.509094 0.596588
87 87 0.414706 0.509258
87 353 0.215271 0.479079
87 438 0.523701 0.445966
87 478 0.576513 0.033965
87 584 0.047246 0.574338
87 728 0.672097 0.498464
87 853 0.111608 0.444561
87 931 0.549772 0.986697
88 88 0.544377 0.749051
88 574 0.795611 0.623661
89 89 0.941750 0.453498
90 56 0.721086 0.697155
90 90 0.117244 0.756772
90 494 0.236307 0.169153
90 535 0.800208 0.043599
90 547 0.683196 0.983097
90 946 0.178853 0.273656
91 91 0.719093 0.545549
91 721 0.514877 0.700074
91 781 0.154903 0.891041
91 910 0.149503 0.299644
92 92 0.272434 0.315237
92 290 0.267404 0.943320
92 433 0.196191 0.594001
93 93 0.441832 0.730471
94 94 0.395390 0.698460
94 433 0.091321 0.941254
95 95 0.499934 0.898086
95 315 0.269600 0.819622
95 738 0.623295 0.154379
95 935 0.604872 0.640667
96 96 0.475725 0.386845
96 176 0.573739 0.402704
96 776 0.432148 0.527698
97 97 0.952223 0.601008
97 447 0.423274 0.088117
97 780 0.688820 0.750178
98 98 0.462129 0.221514
98 506 0.099504 0.514761
98 809 0.067793 0.409278
99 99 0.388660 0.386195
99 971 0.641963 0.874189
100 100 0.439984 0.403646
100 643 0.127643 0.453094
100 802 0.132569 0.854014
101 101 0.333446 0.192196
101 360 0.987081 0.124743
101 389 0.793655 0.601752
101 423 0.151046 0.842599
102 102 0.863389 0.988228
102 276 0.098785 0.024350
102 387 0.011897 0.751013
102 798 0.787486 0.239934
102 807 0.214727 0.167369
103 103 0.135319 0.861920
103 822 0.622268 0.847814
104 104 0.425784 0.813865
104 407 0.811304 0.625393
104 500 0.838167 0.982868
105 105 0.629456 0.799561
105 611 0.784913 0.845635
106 106 0.225328 0.622681
107 107 0.382488 0.380818
107 174 0.790016 0.757021
107 768 0.457070 0.934921
108 108 0.426629 0.640248
108 300 0.206998 0.266572
108 301 0.967554 0.631332
108 442 0.128467 0.870088
109 109 0.052997 0.847021
109 884 0.126004 0.970292
110 110 0.822448 0.189736
110 328 0.652790 0.050434
110 771 0.066423 0.068907
111 111 0.068132 0.601071
111 117 0.924759 0.500680
111 805 0.448595 0.362789
111 975 0.318399 0.104534
112 112 0.753262 0.166736
112 813 0.041152 0.626091
113 100 0.072881 0.653001
113 113 0.562794 0.030269
113 427 0.559628 0.972774
114 35 0.314277 0.578373
114 41 0.989116 0.504723
114 114 0.759258 0.320828
115 115 0.235695 0.057910
115 865 0.776542 0.790932
116 116 0.882627 0.290848
116 609 0.686163 0.682889
117 50 0.882618 0.592641
117 117 0.089184 0.897447
118 118 0.196759 0.748081
118 249 0.905941 0.387302
118 493 0.911947 0.011093
118 540 0.798506 0.416275
119 119 0.181528 0.149246
119 676 0.943983 0.949509
119 717 0.618335 0.103689
119 775 0.513276 0.359312
119 787 0.783723 0.901709
120 120 0.583673 0.939124
121 85 0.384662 0.062577
121 121 0.926179 0.371580
121 990 0.965167 0.882905
122 122 0.443818 0.718351
123 123 0.636238 0.076007
123 794 0.148666 0.792795
124 124 0.556282 0.603932
124 859 0.983749 0.384056
124 890 0.874434 0.717829
125 125 0.806362 0.287077
125 655 0.174935 0.982283
125 769 0.636706 0.567845
126 126 0.126091 0.106219
126 182 0.995421 0.865052
126 295 0.035724 0.044820
126 572 0.327735 0.788843
127 127 0.664603 0.535869
127 316 0.324230 0.923359
127 798 0.241146 0.956992
128 43 0.750357 0.002455
128 128 0.620475 0.076908
128 265 0.918635 0.927990
128 287 0.044569 0.026251
128 506 0.847136 0.804912
128 558 0.268985 0.655670
129 129 0.615537 0.265657
129 533 0.846719 0.721041
130 130 0.379498 0.745439
130 186 0.766386 0.224332
130 247 0.791585 0.654436
130 474 0.193255 0.432943
131 131 0.594861 0.090185
131 176 0.530343 0.259928
132 132 0.108096 0.006737
132 578 0.141636 0.314800
132 909 0.431012 0.344537
133 133 0.650906 0.062223
133 168 0.389602 0.729225
133 351 0.794378 0.209614
133 529 0.363803 0.409454
134 134 0.778297 0.011116
134 395 0.434673 0.207505
134 891 0.046356 0.780668
134 927 0.312080 0.772401
135 135 0.080799 0.466407
135 176 0.784830 0.138805
135 246 0.474033 0.714435
135 346 0.712379 0.494319
135 385 0.487608 0.342754
136 136 0.125610 0.956134
136 286 0.877235 0.113349
136 435 0.807335 0.275712
136 503 0.291017 0.360726
136 509 0.503022 0.441548
136 911 0.700107 0.208879
137 137 0.732524 0.478109
137 145 0.073464 0.149520
138 138 0.876039 0.336994
138 298 0.035031 0.691009
138 446 0.488356 0.502332
138 637 0.355579 0.438033
138 662 0.324479 0.432494
139 139 0.743810 0.120233
139 793 0.142016 0.483794
140 140 0.529709 0.946316
140 353 0.194438 0.820817
140 553 0.290081 0.284593
141 141 0.719207 0.063348
141 725 0.342820 0.208647
141 784 0.119074 0.358192
142 135 0.438459 0.049422
142 142 0.969269 0.602082
142 221 0.349767 0.578649
142 639 0.530991 0.060098
142 654 0.424655 0.805498
143 143 0.730808 0.114296
143 339 0.780360 0.975849
143 831 0.883428 0.024826
144 144 0.589791 0.924780
144 280 0.623782 0.240133
144 986 0.971585 0.612358
145 145 0.390774 0.646088
146 146 0.941854 0.620544
146 345 0.637879 0.032448
146 811 0.387078 0.976926
147 8 0.647261 0.867211
147 147 0.291310 0.961319
147 218 0.445833 0.381329
147 995 0.498340 0.744258
148 148 0.721040 0.433957
148 633 0.806457 0.709769
149 36 0.957412 0.931312
149 49 0.512106 0.216486
149 149 0.330060 0.130032
149 167 0.434158 0.338445
149 837 0.342045 0.585452
150 150 0.933675 0.885608
150 865 0.504655 0.782199
151 151 0.041153 0.671979
152 152 0.292969 0.353960
153 153 0.259411 0.531296
153 260 0.387991 0.348921
154 154 0.431406 0.552429
154 359 0.485940 0.601418
155 22 0.555003 0.855255
155 155 0.138176 0.433559
155 234 0.912970 0.416527
155 361 0.982235 0.908728
156 156 0.629071 0.633693
156 166 0.492668 0.906893
156 173 0.233477 0.708146
157 44 0.054729 0.227668
157 157 0.057223 0.938710
157 481 0.732712 0.831916
157 900 0.537746 0.151459
158 3 0.436191 0.812632
158 142 0.005599 0.117599
158 158 0.455225 0.899355
159 159 0.202422 0.622974
159 891 0.318956 0.779847
159 954 0.931933 0.410831
160 160 0.930726 0.725374
160 405 0.372258 0.858281
160 647 0.522517 0.470110
161 161 0.844234 0.202714
161 321 0.478755 0.065211
161 655 0.290523 0.680783
162 162 0.208310 0.883367
162 370 0.051914 0.569366
162 619 0.302476 0.660286
163 163 0.075206 0.837187
163 947 0.874866 0.379258
164 164 0.565008 0.026278
164 393 0.447575 0.618451
165 165 0.019040 0.826584
166 166 0.668709 0.159529
167 167 0.367236 0.381237
167 192 0.685280 0.964189
167 425 0.066963 0.590346
167 694 0.176152 0.329033
167 921 0.492755 0.839827
168 168 0.938318 0.001385
168 207 0.774526 0.886399
168 476 0.595579 0.091149
169 169 0.230525 0.211417
169 579 0.498938 0.263417
169 688 0.273446 0.517696
170 170 0.435388 0.563211
170 247 0.587763 0.612645
170 674 0.115995 0.476704
170 791 0.748522 0.628906
170 890 0.125080 0.899265
170 992 0.259020 0.232591
171 2 0.880661 0.544549
171 146 0.188693 0.356435
171 171 0.351010 0.488378
171 813 0.778545 0.195012
172 172 0.409060 0.774750
172 477 0.445178 0.701812
172 660 0.988082 0.285029
172 953 0.616649 0.260515
173 173 0.276336 0.276340
173 904 0.434238 0.931445
174 174 0.865642 0.817483
174 510 0.772809 0.495671
175 98 0.741656 0.270116
175 175 0.287338 0.536472
175 260 0.484409 0.796301
175 952 0.900812 0.046702
176 27 0.309658 0.382706
176 176 0.073182 0.842768
176 211 0.255728 0.013754
177 177 0.928311 0.240496
177 609 0.652180 0.784629
177 632 0.802213 0.061472
177 866 0.869087 0.587687
177 901 0.081745 0.075559
178 178 0.059873 0.869653
178 456 0.150616 0.599816
178 882 0.448105 0.067587
179 179 0.946453 0.893463
179 274 0.661925 0.865233
179 296 0.907952 0.734783
179 567 0.190474 0.691896
179 587 0.429898 0.115137
179 715 0.520707 0.308157
180 180 0.974371 0.801378
180 515 0.627490 0.421643
181 6 0.173925 0.751178
181 181 0.037755 0.657499
182 179 0.040539 0.125655
182 182 0.308208 0.839301
182 886 0.372815 0.282768
182 953 0.235274 0.462889
183 54 0.693012 0.321672
183 183 0.096167 0.238485
183 950 0.565580 0.969872
184 184 0.570574 0.084115
184 281 0.480399 0.298760
184 380 0.188651 0.677266
185 185 0.616676 0.230990
185 410 0.278676 0.949436
185 498 0.948694 0.176110
186 63 0.286974 0.641599
186 186 0.647476 0.315158
187 187 0.420110 0.347806
188 188 0.056463 0.343327
188 211 0.117222 0.647765
188 714 0.447032 0.718250
189 189 0.916825 0.905981
189 274 0.161652 0.233366
190 190 0.701012 0.447644
190 484 0.687647 0.449151
191 112 0.151886 0.759499
191 191 0.971262 0.088551
191 830 0.051781 0.249464
192 192 0.119951 0.917528
192 230 0.021342 0.244587
192 241 0.889558 0.208483
192 251 0.203750 0.988434
192 539 0.956714 0.599833
193 13 0.276473 0.962980
193 193 0.622700 0.257182
193 268 0.422778 0.717206
193 750 0.632436 0.683916
194 194 0.085155 0.589089
195 195 0.735688 0.475109
195 301 0.608917 0.281144
195 615 0.213666 0.917284
195 927 0.644362 0.423363
196 196 0.818112 0.373919
196 354 0.446534 0.303765
197 19 0.106163 0.455837
197 197 0.462158 0.973386
197 228 0.362575 0.120963
197 837 0.690205 0.451434
198 198 0.038646 0.478675
199 102 0.540180 0.474075
199 199 0.733301 0.822168
199 308 0.147147 0.270574
200 126 0.667262 0.851526
200 188 0.605477 0.529262
200 200 0.532834 0.490228
200 352 0.416684 0.344319
200 392 0.654732 0.727106
200 548 0.901349 0.715611
200 728 0.607023 0.986703
201 201 0.356455 0.359998
201 237 0.480528 0.239168
201 808 0.303419 0.434500
202 202 0.024604 0.913925
203 203 0.976211 0.211195
203 742 0.494759 0.637675
204 204 0.517718 0.499388
204 432 0.053909 0.741230
204 521 0.961618 0.847826
204 661 0.239204 0.225438
205 205 0.546134 0.488156
205 217 0.935779 0.143248
206 206 0.358982 0.692513
206 505 0.017585 0.844183
206 794 0.216457 0.489957
207 207 0.712700 0.861471
208 85 0.972108 0.967760
208 208 0.797847 0.031602
208 212 0.207868 0.658724
208 359 0.935077 0.395005
209 209 0.018640 0.526489
209 228 0.047472 0.175405
209 254 0.968142 0.033671
209 401 0.839398 0.877232
210 210 0.373123 0.697403
210 600 0.729724 0.057427
211 211 0.322426 0.006759
211 280 0.961557 0.437543
211 832 0.771488 0.672733
212 202 0.075905 0.939786
212 212 0.277269 0.886324
212 257 0.818823 0.723133
213 213 0.977820 0.411089
214 214 0.111516 0.692717
214 958 0.469325 0.318080
215 191 0.382353 0.777648
215 215 0.773435 0.919016
215 657 0.972809 0.364642
216 142 0.132468 0.801716
216 216 0.132505 0.373235
216 289 0.885899 0.272120
216 320 0.955516 0.819997
216 398 0.091393 0.542458
216 756 0.776538 0.598595
216 816 0.708339 0.612154
216 883 0.309544 0.544029
217 147 0.436029 0.459861
217 217 0.315891 0.173789
217 486 0.096000 0.164321
217 763 0.328170 0.650892
217 988 0.190147 0.579278
218 218 0.083506 0.259140
218 828 0.127675 0.011711
219 219 0.864329 0.536378
220 220 0.928435 0.977841
221 221 0.295599 0.680482
221 298 0.341170 0.285630
222 146 0.618053 0.005230
222 222 0.110124 0.969789
222 622 0.062371 0.626795
222 799 0.317984 0.522505
223 223 0.926932 0.813650
223 478 0.892076 0.592816
224 224 0.450817 0.025711
224 285 0.376236 0.734877
224 919 0.062684 0.827126
225 225 0.373086 0.189725
225 243 0.650453 0.816932
226 226 0.200026 0.176186
226 435 0.986598 0.768815
226 638 0.699619 0.351048
226 727 0.633885 0.248992
227 227 0.149538 0.484631
227 347 0.209789 0.775845
227 589 0.025683 0.723452
227 648 0.444572 0.027740
227 870 0.436351 0.775632
227 890 0.515664 0.334118
228 2 0.018804 0.494435
228 223 0.078447 0.319038
228 228 0.108719 0.702334
228 382 0.723554 0.406862
228 478 0.544607 0.235848
229 229 0.962002 0.837839
230 230 0.010336 0.720929
231 46 0.886042 0.799026
231 231 0.074269 0.330719
231 338 0.153146 0.862147
231 664 0.658643 0.308345
231 835 0.693421 0.612224
232 232 0.628353 0.287572
232 462 0.553462 0.231549
233 233 0.170448 0.370049
233 575 0.007020 0.228742
234 234 0.984660 0.754953
234 903 0.290634 0.060176
234 981 0.043977 0.308870
235 235 0.483311 0.236374
235 858 0.985534 0.813159
235 884 0.459381 0.051374
235 986 0.253296 0.959769
236 49 0.119946 0.276055
236 236 0.083185 0.744801
236 293 0.589540 0.529075
237 237 0.438325 0.544816
237 664 0.576931 0.385987
238 238 0.544444 0.939546
238 687 0.736108 0.562840
239 239 0.100152 0.300368
239 384 0.143849 0.531487
239 642 0.715454 0.328684
239 670 0.808046 0.053085
240 240 0.121972 0.693372
240 258 0.432977 0.798159
240 339 0.138298 0.661886
240 397 0.594717 0.058836
240 400 0.288421 0.188095
240 621 0.644548 0.312061
241 13 0.381039 0.953342
241 241 0.359211 0.969300
241 426 0.618811 0.281159
241 758 0.993527 0.400230
242 242 0.935590 0.191140
242 484 0.387160 0.815607
242 492 0.841955 0.311566
243 48 0.797889 0.174864
243 149 0.274397 0.057364
243 243 0.938713 0.495276
243 461 0.356841 0.323715
243 577 0.969983 0.215265
244 244 0.545108 0.754415
245 245 0.108301 0.498782
246 104 0.283399 0.756327
246 175 0.929051 0.837102
246 246 0.348017 0.023104
247 247 0.094798 0.911424
247 875 0.190096 0.098879
248 183 0.937241 0.572633
248 248 0.497900 0.509963
248 416 0.534664 0.580368
248 682 0.364418 0.456577
249 249 0.335813 0.103077
250 9 0.315936 0.632424
250 174 0.426173 0.341763
250 214 0.569334 0.811788
250 250 0.203621 0.763432
250 491 0.839765 0.426594
251 180 0.573010 0.606725
251 251 0.346145 0.082765
251 267 0.952780 0.803103
251 384 0.455511 0.019787
251 444 0.498620 0.648259
252 188 0.893885 0.279771
252 252 0.613603 0.447207
252 396 0.630136 0.794458
252 523 0.022876 0.124095
252 614 0.617749 0.931927
253 50 0.889623 0.997674
253 253 0.334286 0.559686
253 958 0.413816 0.875519
254 40 0.315788 0.157226
254 224 0.384649 0.407699
254 254 0.693955 0.315989
254 611 0.755713 0.163389
254 662 0.501630 0.055643
254 770 0.258070 0.685294
255 255 0.397448 0.627125
256 223 0.537918 0.578614
256 256 0.342866 0.032320
256 364 0.222970 0.262781
256 575 0.741268 0.763671
257 257 0.397647 0.054873
257 424 0.730892 0.541604
257 790 0.771230 0.360845
257 883 0.633094 0.558043
258 258 0.789072 0.467587
258 498 0.125476 0.082526
258 642 0.853951 0.136449
258 795 0.564702 0.679105
259 259 0.778825 0.136742
259 732 0.395775 0.270749
259 796 0.956265 0.177118
259 969 0.094781 0.962243
260 260 0.117807 0.660740
260 293 0.604320 0.649302
260 383 0.219784 0.277245
260 717 0.027679 0.503896
260 986 0.552915 0.388645
261 261 0.502754 0.879408
261 894 0.246970 0.446634
262 16 0.615038 0.992514
262 148 0.027709 0.160582
262 195 0.115948 0.126381
262 262 0.767246 0.064579
262 477 0.452397 0.752082
262 724 0.269835 0.217090
262 863 0.468374 0.097048
262 919 0.482139 0.253748
263 263 0.389932 0.263084
263 506 0.768867 0.125873
264 264 0.280683 0.723823
264 311 0.040736 0.439320
264 426 0.910909 0.158145
264 846 0.078265 0.025050
265 121 0.553096 0.571947
265 213 0.076641 0.349057
265 265 0.904847 0.502456
266 266 0.159527 0.284992
266 328 0.252940 0.956204
266 475 0.622957 0.588912
266 786 0.526014 0.049285
266 978 0.355587 0.589596
266 989 0.918423 0.228660
267 267 0.366246 0.261021
268 268 0.902095 0.109386
268 321 0.876728 0.850298
269 247 0.912965 0.065458
269 269 0.210122 0.771087
270 270 0.637749 0.470213
271 271 0.749705 0.511129
271 502 0.389063 0.911487
271 644 0.142261 0.995864
272 133 0.909856 0.804557
272 272 0.461088 0.974338
272 926 0.964568 0.935363
273 273 0.222075 0.116675
273 360 0.893624 0.698985
274 274 0.686053 0.252521
275 275 0.279325 0.361622
275 332 0.094572 0.041114
275 662 0.848515 0.523190
276 276 0.716156 0.822734
276 860 0.509516 0.262560
277 277 0.518489 0.092645
277 333 0.614558 0.265704
277 501 0.741877 0.421467
277 569 0.146028 0.588546
278 278 0.479042 0.785707
278 318 0.331929 0.827142
278 901 0.887194 0.197069
279 279 0.376279 0.028363
279 713 0.109929 0.580721
280 2 0.523327 0.749077
280 280 0.170562 0.397500
280 937 0.026427 0.436739
281 281 0.607570 0.738279
282 282 0.364833 0.562838
283 283 0.266869 0.781292
284 136 0.843892 0.623466
284 284 0.403493 0.463492
284 456 0.309568 0.513273
284 522 0.707437 0.304316
285 285 0.590748 0.311548
285 550 0.489299 0.048495
286 254 0.093623 0.523838
286 286 0.841991 0.943579
286 314 0.796304 0.784510
286 850 0.117397 0.786929
287 86 0.406370 0.354028
287 287 0.771336 0.108917
288 288 0.796893 0.063405
289 141 0.941757 0.823303
289 289 0.835389 0.386095
290 141 0.823793 0.098452
290 290 0.700850 0.884124
291 31 0.387302 0.131195
291 245 0.695449 0.861045
291 291 0.943965 0.101569
291 477 0.980921 0.324444
291 762 0.220882 0.221564
292 58 0.360268 0.068304
292 292 0.887123 0.287327
292 879 0.346566 0.668291
293 293 0.311545 0.412382
293 517 0.633110 0.632827
294 79 0.175993 0.190687
294 86 0.516551 0.941582
294 294 0.479550 0.548366
295 87 0.255061 0.195435
295 289 0.503887 0.196222
295 295 0.661796 0.686992
295 607 0.675451 0.092514
296 296 0.100569 0.929920
296 969 0.633551 0.651908
297 62 0.511321 0.282290
297 210 0.159303 0.429512
297 297 0.895644 0.791013
297 378 0.017939 0.147027
297 872 0.781014 0.289371
298 298 0.061373 0.279203
298 316 0.529540 0.717069
298 359 0.988954 0.801348
299 273 0.143192 0.470372
299 299 0.933746 0.690597
299 912 0.086250 0.004602
300 300 0.016339 0.792373
301 301 0.346822 0.914687
301 495 0.074833 0.010055
301 694 0.226911 0.930697
302 271 0.293092 0.105449
302 302 0.052630 0.370802
302 480 0.183083 0.265420
302 910 0.716130 0.732666
303 228 0.192298 0.867839
303 303 0.439458 0.051184
303 710 0.890693 0.618389
304 34 0.338266 0.634804
304 304 0.146278 0.166801
304 376 0.864207 0.419777
304 388 0.671775 0.682825
305 305 0.266417 0.415609
305 622 0.743442 0.256178
306 208 0.349787 0.085635
306 306 0.100474 0.995172
307 9 0.570033 0.020754
307 307 0.099589 0.406404
307 630 0.871822 0.718230
308 308 0.493875 0.084073
309 227 0.179432 0.768439
309 309 0.382242 0.142411
309 774 0.578139 0.455838
310 310 0.290697 0.044741
310 901 0.083398 0.654661
310 996 0.530034 0.478307
311 278 0.346764 0.299460
311 311 0.718503 0.861888
312 312 0.229313 0.884778
313 212 0.919927 0.802295
313 313 0.403863 0.185257
313 727 0.802271 0.258251
314 259 0.688458 0.109532
314 292 0.004734 0.078222
314 314 0.322900 0.296009
314 573 0.154803 0.629987
314 681 0.285582 0.876700
315 315 0.649680 0.937819
315 546 0.591580 0.207315
315 671 0.724667 0.475492
315 847 0.391695 0.991394
316 316 0.001389 0.703362
317 317 0.357850 0.522390
317 326 0.760073 0.181470
318 318 0.663812 0.338460
318 710 0.599962 0.535264
319 319 0.365901 0.056741
319 552 0.350359 0.693169
320 320 0.539200 0.242934
321 3 0.018901 0.442902
321 321 0.935076 0.675775
321 664 0.427265 0.253340
322 322 0.618140 0.151902
322 750 0.542181 0.583029
322 875 0.945258 0.907525
323 32 0.987025 0.361475
323 323 0.650518 0.013474
323 891 0.671829 0.390261
324 324 0.710323 0.608441
324 464 0.365621 0.169934
324 657 0.899167 0.050339
325 325 0.235054 0.947599
326 203 0.149119 0.205375
326 326 0.562589 0.416457
326 588 0.909100 0.811315
326 700 0.216840 0.821721
326 713 0.879112 0.638133
326 773 0.756665 0.866085
327 90 0.240627 0.811258
327 195 0.004885 0.599353
327 327 0.965264 0.172661
328 320 0.319915 0.084151
328 328 0.409334 0.547976
328 965 0.450569 0.473795
329 329 0.800790 0.197390
329 511 0.072107 0.025609
330 222 0.617864 0.953725
330 330 0.471673 0.200690
331 33 0.888286 0.046297
331 331 0.941917 0.806485
331 701 0.178089 0.648396
332 332 0.484612 0.899754
332 430 0.530853 0.187240
332 670 0.319232 0.507094
333 333 0.435448 0.487769
333 531 0.092607 0.455496
333 802 0.308587 0.447008
334 334 0.069286 0.865497
334 377 0.378887 0.736241
334 917 0.064031 0.074818
335 335 0.565518 0.145774
335 754 0.416537 0.951443
336 336 0.907337 0.528286
336 649 0.306252 0.867513
337 31 0.565341 0.213913
337 337 0.976399 0.289262
337 600 0.974644 0.193967
338 47 0.148565 0.522058
338 338 0.030356 0.482303
338 474 0.596627 0.580222
338 969 0.691801 0.652093
339 339 0.660619 0.946642
340 340 0.767195 0.186892
340 878 0.413506 0.186850
341 215 0.467449 0.533535
341 341 0.709547 0.167638
342 244 0.940716 0.694582
342 342 0.111587 0.180806
342 400 0.295451 0.169953
342 698 0.316501 0.947137
343 343 0.657653 0.314748
344 335 0.289239 0.356291
344 344 0.089620 0.899216
344 873 0.852171 0.201864
345 117 0.073735 0.439293
345 290 0.300161 0.837450
345 345 0.911017 0.317877
345 773 0.434715 0.991455
345 777 0.998614 0.307214
345 821 0.764811 0.528340
346 346 0.858093 0.846723
347 347 0.990360 0.593055
347 514 0.730407 0.516796
348 35 0.063719 0.547431
348 132 0.821985 0.129125
348 315 0.332494 0.033922
348 348 0.888783 0.415657
348 797 0.719793 0.062609
349 349 0.915730 0.602883
349 471 0.706397 0.338882
350 350 0.548327 0.964703
351 21 0.105527 0.163944
351 306 0.163930 0.086892
351 351 0.441880 0.780085
352 341 0.414223 0.765183
352 352 0.967822 0.458256
352 608 0.999398 0.182970
352 896 0.407120 0.034703
353 13 0.519332 0.833795
353 353 0.825028 0.861947
353 463 0.870828 0.400268
353 476 0.215840 0.973053
353 617 0.536383 0.747061
353 919 0.324271 0.716553
353 980 0.156379 0.021833
354 327 0.284658 0.010144
354 334 0.784891 0.102296
354 354 0.783677 0.226947
354 394 0.963295 0.514746
354 723 0.213290 0.146942
355 355 0.423168 0.179560
355 358 0.696628 0.019599
355 519 0.462385 0.662136
355 617 0.854456 0.777879
356 356 0.488756 0.701134
356 462 0.899979 0.314588
357 357 0.472910 0.513368
357 833 0.524548 0.219427
357 839 0.936020 0.962180
358 358 0.316355 0.830477
358 439 0.859202 0.800727
358 950 0.796108 0.585904
359 359 0.202247 0.975370
359 792 0.306484 0.069551
360 360 0.814643 0.835116
360 894 0.247808 0.264048
361 361 0.196324 0.323622
361 944 0.924364 0.316093
362 131 0.448243 0.220711
362 362 0.783339 0.903965
362 590 0.049121 0.016417
363 23 0.140534 0.253326
363 354 0.918018 0.892087
363 363 0.068018 0.164935
363 556 0.171718 0.998433
363 608 0.489172 0.695745
363 651 0.466603 0.289432
364 210 0.609417 0.227299
364 364 0.955138 0.769723
364 576 0.189085 0.140615
364 923 0.911613 0.184769
364 926 0.367462 0.628613
365 365 0.073603 0.148859
365 456 0.777723 0.640310
365 870 0.523006 0.610917
366 366 0.570520 0.557564
366 574 0.234943 0.627297
366 592 0.228239 0.092883
367 367 0.794886 0.676817
367 906 0.758778 0.890141
368 324 0.850401 0.553510
368 366 0.305712 0.072492
368 368 0.807845 0.276913
369 35 0.625740 0.975271
369 369 0.623073 0.063013
369 800 0.633486 0.546295
370 103 0.286404 0.335206
370 370 0.978492 0.944551
370 767 0.737879 0.855756
371 371 0.494706 0.458057
371 768 0.109648 0.336369
372 41 0.709266 0.380789
372 269 0.354032 0.179300
372 372 0.285865 0.408980
372 909 0.561371 0.775355
373 34 0.416876 0.714335
373 140 0.171873 0.104500
373 373 0.772558 0.050622
373 655 0.752962 0.595972
374 374 0.939104 0.025459
375 375 0.243493 0.325952
376 18 0.323415 0.652800
376 376 0.627503 0.008526
376 629 0.270273 0.144999
376 820 0.687985 0.216893
376 832 0.874367 0.568302
377 83 0.287235 0.961644
377 255 0.146690 0.745013
377 377 0.356432 0.576313
377 548 0.695256 0.618454
378 230 0.063951 0.278715
378 378 0.526290 0.382654
379 152 0.539796 0.492621
379 379 0.364981 0.563550
379 554 0.563370 0.681371
379 676 0.606922 0.061930
379 874 0.756987 0.831371
380 340 0.598919 0.945764
380 380 0.676505 0.683726
380 519 0.889865 0.592731
381 170 0.328841 0.652462
381 381 0.006353 0.381441
381 394 0.217421 0.152232
382 382 0.748815 0.289439
382 785 0.042384 0.106863
382 942 0.287417 0.167978
383 383 0.458045 0.022914
383 527 0.329282 0.962719
383 609 0.238490 0.485309
383 947 0.645366 0.972186
384 221 0.795763 0.975831
384 384 0.778841 0.370220
384 654 0.724047 0.639921
385 385 0.915944 0.661513
386 386 0.661250 0.921635
386 936 0.523037 0.091983
387 348 0.601101 0.314906
387 387 0.678756 0.860874
387 670 0.056899 0.561182
388 388 0.036959 0.854710
388 607 0.577336 0.516476
388 865 0.845897 0.262575
389 183 0.741756 0.035933
389 389 0.711087 0.654842
389 857 0.668589 0.700724
389 944 0.970101 0.524469
390 38 0.592734 0.134670
390 116 0.086913 0.515052
390 261 0.329591 0.464984
390 390 0.849038 0.623210
391 43 0.316530 0.433376
391 391 0.351465 0.326101
392 19 0.104867 0.755521
392 106 0.971093 0.595613
392 391 0.112567 0.061801
392 392 0.071492 0.708760
393 393 0.783871 0.773812
393 506 0.582628 0.578736
394 394 0.131153 0.105237
395 395 0.454984 0.536512
396 396 0.346547 0.692003
397 152 0.857581 0.051883
397 397 0.983961 0.806649
397 684 0.881658 0.056474
397 729 0.472607 0.366163
398 398 0.680696 0.597920
398 473 0.122154 0.149066
399 290 0.638880 0.234497
399 399 0.941819 0.023377
400 370 0.194064 0.210371
400 400 0.103137 0.290832
400 522 0.604000 0.852674
401 361 0.284374 0.497425
401 401 0.318619 0.927636
402 1 0.459836 0.565931
402 314 0.060618 0.478148
402 402 0.447761 0.933493
402 581 0.373681 0.830863
402 690 0.025296 0.146736
403 38 0.001566 0.810071
403 107 0.519465 0.215950
403 230 0.687455 0.545896
403 403 0.196623 0.055440
403 682 0.312377 0.324479
404 404 0.941602 0.300367
404 504 0.137390 0.137155
404 754 0.923770 0.942552
404 760 0.763991 0.284545
405 327 0.568280 0.614842
405 405 0.397352 0.930137
406 208 0.553420 0.716635
406 406 0.940334 0.934038
406 532 0.841616 0.292042
406 942 0.126171 0.419377
407 407 0.735568 0.083674
407 504 0.663360 0.062421
407 968 0.292070 0.669759
408 408 0.133477 0.434812
408 489 0.584475 0.366026
408 759 0.640378 0.553710
409 109 0.973085 0.163957
409 111 0.140626 0.508927
409 285 0.343119 0.819256
409 399 0.376996 0.126595
409 409 0.962236 0.674092
410 271 0.628317 0.556002
410 410 0.010329 0.797674
411 411 0.911571 0.629819
411 787 0.529269 0.945714
412 412 0.380156 0.858229
412 560 0.277454 0.327044
413 413 0.005852 0.021234
413 442 0.511022 0.661163
414 92 0.600162 0.035091
414 414 0.294714 0.922953
414 516 0.167513 0.592887
415 46 0.660142 0.568234
415 415 0.937401 0.654181
416 386 0.683918 0.932048
416 416 0.897671 0.944174
416 615 0.992315 0.988813
417 245 0.115606 0.573998
417 417 0.392762 0.505915
417 542 0.769992 0.204582
418 418 0.697397 0.270002
418 898 0.177475 0.530455
419 25 0.698051 0.752345
419 419 0.037113 0.902237
419 556 0.881142 0.551839
419 651 0.659437 0.326914
419 688 0.060401 0.099145
420 420 0.565236 0.328685
420 917 0.784013 0.470657
421 67 0.795590 0.539775
421 116 0.444873 0.563517
421 421 0.280811 0.054455
421 440 0.007114 0.780599
421 690 0.760593 0.059034
422 422 0.634542 0.058723
422 436 0.377197 0.959025
423 173 0.832690 0.504827
423 423 0.661874 0.489074
423 671 0.111081 0.332025
424 424 0.231372 0.868503
424 645 0.292736 0.518106
425 425 0.938180 0.197171
425 648 0.079429 0.340911
426 426 0.604773 0.116358
427 299 0.632987 0.892276
427 427 0.483498 0.742834
427 817 0.709712 0.543988
428 308 0.944392 0.367247
428 371 0.360139 0.388934
428 428 0.778262 0.193869
428 968 0.829230 0.490831
429 157 0.754274 0.136854
429 429 0.146801 0.508258
429 501 0.680608 0.947856
429 623 0.512316 0.316738
429 675 0.472213 0.220663
429 769 0.749204 0.564240
429 885 0.315638 0.089808
430 430 0.871976 0.673361
431 431 0.569448 0.905205
432 162 0.809696 0.627598
432 432 0.822762 0.780111
432 822 0.825756 0.493225
433 123 0.420298 0.007717
433 391 0.060681 0.855736
433 433 0.988334 0.417272
433 875 0.878214 0.001026
434 434 0.047722 0.227788
434 738 0.811159 0.367316
434 800 0.457071 0.829902
434 805 0.277471 0.072801
434 891 0.311325 0.931782
435 271 0.496856 0.426991
435 282 0.500552 0.893153
435 435 0.766429 0.601378
435 603 0.196609 0.216966
436 433 0.750520 0.413591
436 436 0.062967 0.862748
437 158 0.365487 0.149373
437 437 0.121845 0.793569
437 848 0.865387 0.370948
438 438 0.329377 0.490223
438 565 0.456462 0.536783
439 326 0.538212 0.224655
439 439 0.108135 0.593833
439 512 0.884176 0.346734
440 440 0.022389 0.942268
440 566 0.666587 0.688458
440 741 0.436892 0.432302
441 441 0.352495 0.707747
441 524 0.304482 0.767684
442 442 0.189521 0.755640
442 704 0.807736 0.662781
443 443 0.705493 0.563318
443 660 0.623494 0.770487
444 117 0.974172 0.182553
444 181 0.956918 0.423096
444 444 0.630018 0.856261
445 445 0.911067 0.757460
445 491 0.210427 0.605039
445 893 0.131054 0.714884
446 55 0.375902 0.689648
446 446 0.612007 0.637594
446 637 0.935626 0.861275
447 120 0.029673 0.196905
447 202 0.457491 0.716603
447 447 0.205073 0.340879
447 579 0.468435 0.709738
447 709 0.295714 0.151059
448 448 0.959508 0.407538
448 529 0.847243 0.724938
449 449 0.517957 0.963140
450 44 0.775028 0.752013
450 209 0.340021 0.132923
450 450 0.324729 0.041461
450 814 0.781047 0.520979
451 436 0.592906 0.403503
451 451 0.415255 0.108077
451 478 0.462803 0.237174
452 214 0.573767 0.165707
452 452 0.779669 0.187793
452 550 0.898459 0.667163
452 890 0.052694 0.017556
452 970 0.739088 0.403107
453 12 0.288396 0.242516
453 76 0.980460 0.952577
453 248 0.302454 0.620848
453 453 0.622243 0.111749
454 35 0.583303 0.529413
454 57 0.923282 0.748824
454 371 0.785649 0.806234
454 454 0.569659 0.547871
454 733 0.428635 0.624404
455 173 0.192614 0.962738
455 232 0.764845 0.131052
455 281 0.465036 0.840296
455 455 0.288806 0.501793
455 684 0.976575 0.513633
456 213 0.408953 0.310223
456 226 0.641605 0.130453
456 302 0.130433 0.184085
456 456 0.944762 0.114401
456 503 0.108858 0.579072
456 767 0.347312 0.590484
457 457 0.697459 0.241514
458 216 0.777786 0.006400
458 458 0.836732 0.754478
459 459 0.032363 0.225990
459 960 0.757335 0.094455
460 262 0.390793 0.247695
460 460 0.824843 0.550201
460 884 0.421713 0.681610
461 146 0.319380 0.576074
461 461 0.587068 0.393529
462 462 0.436954 0.579333
463 279 0.187714 0.272962
463 463 0.439235 0.086658
463 819 0.360571 0.113170
464 83 0.818526 0.882756
464 358 0.646336 0.359102
464 408 0.305048 0.635956
464 424 0.481991 0.916500
464 464 0.580978 0.719718
464 522 0.321931 0.890406
464 839 0.765053 0.757861
464 958 0.287030 0.848914
465 327 0.663414 0.456204
465 465 0.556258 0.671279
465 570 0.527631 0.456293
466 228 0.364076 0.974882
466 466 0.716417 0.765651
466 907 0.692555 0.022741
467 381 0.379569 0.951626
467 467 0.386383 0.722041
467 582 0.375007 0.585498
468 179 0.271181 0.849640
468 442 0.198578 0.752875
468 468 0.656636 0.116945
468 861 0.649678 0.157724
468 963 0.954877 0.031870
468 999 0.742354 0.621534
469 469 0.919112 0.377783
469 691 0.840726 0.882478
469 758 0.467227 0.198011
470 470 0.552751 0.084276
470 675 0.810245 0.726554
470 770 0.251620 0.428972
471 471 0.502917 0.030043
471 878 0.730385 0.467727
471 899 0.773941 0.114038
471 950 0.971914 0.307092
472 197 0.336184 0.083122
472 472 0.326544 0.348311
472 702 0.541041 0.798471
472 893 0.905351 0.807025
473 16 0.954002 0.907705
473 353 0.033381 0.447010
473 473 0.137930 0.875461
473 856 0.375313 0.313598
474 204 0.029041 0.940843
474 416 0.152045 0.459404
474 474 0.200223 0.899590
474 978 0.098380 0.133776
475 330 0.884175 0.916096
475 475 0.903446 0.965073
475 716 0.147745 0.673387
475 925 0.440186 0.265798
476 250 0.042541 0.890578
476 476 0.796883 0.034839
476 679 0.194159 0.691454
476 718 0.571273 0.657187
477 189 0.748242 0.767541
477 477 0.299463 0.034751
477 538 0.908761 0.790388
478 348 0.203939 0.914982
478 478 0.875924 0.104006
479 479 0.441390 0.192980
479 754 0.606308 0.196124
480 480 0.930586 0.208423
480 579 0.918925 0.399696
481 163 0.855598 0.809846
481 369 0.323083 0.361182
481 481 0.786699 0.869981
481 821 0.134881 0.424437
481 974 0.849861 0.391858
482 273 0.749895 0.288293
482 482 0.229098 0.266954
482 563 0.442466 0.515823
482 834 0.415563 0.815837
483 435 0.684071 0.084875
483 483 0.241926 0.547682
484 14 0.668968 0.848749
484 309 0.137255 0.150487
484 377 0.494529 0.841041
484 484 0.212175 0.306564
484 691 0.439186 0.044002
484 834 0.697856 0.419461
485 463 0.947325 0.526103
485 485 0.574658 0.096037
486 478 0.645014 0.330762
486 486 0.744089 0.609178
487 249 0.971707 0.408537
487 312 0.659181 0.533589
487 361 0.199437 0.914611
487 487 0.596820 0.708501
487 593 0.455844 0.020057
488 188 0.953367 0.672669
488 488 0.896280 0.463948
488 794 0.550606 0.812463
489 489 0.009540 0.779361
490 290 0.895910 0.728305
490 490 0.902512 0.022929
490 491 0.350040 0.747767
490 562 0.435963 0.524066
491 463 0.945446 0.992402
491 491 0.696592 0.434335
492 71 0.994938 0.260556
492 492 0.104846 0.974525
493 493 0.371107 0.842260
493 852 0.360145 0.279229
494 1 0.128451 0.019644
494 114 0.082154 0.548228
494 494 0.465167 0.826701
495 495 0.115600 0.662577
496 496 0.867158 0.059344
496 935 0.352959 0.712667
497 126 0.400700 0.818720
497 497 0.334727 0.572369
498 489 0.300919 0.170682
498 498 0.776572 0.259991
499 499 0.506020 0.128058
500 1 0.279491 0.459270
500 358 0.595908 0.071854
500 500 0.516582 0.439652
500 636 0.322226 0.538466
500 643 0.663244 0.773569
501 501 0.590494 0.936763
501 672 0.333209 0.104140
502 370 0.593454 0.197842
502 502 0.901024 0.880484
503 503 0.153607 0.204472
504 504 0.740892 0.012773
504 559 0.555614 0.443094
505 505 0.661707 0.243307
506 131 0.020982 0.009485
506 506 0.722178 0.154530
507 507 0.242461 0.124418
507 658 0.607197 0.023927
508 120 0.584724 0.707936
508 508 0.104713 0.960098
508 660 0.647403 0.675158
509 509 0.066647 0.802173
509 662 0.372143 0.292430
510 231 0.844065 0.659453
510 510 0.247246 0.671490
510 763 0.891379 0.108446
511 23 0.808587 0.468484
511 74 0.537528 0.723319
511 511 0.760854 0.271633
511 993 0.196748 0.935806
512 44 0.610641 0.953707
512 512 0.902420 0.486972
512 704 0.462247 0.856200
513 513 0.010447 0.156054
513 716 0.091764 0.659145
513 955 0.493677 0.929390
514 68 0.940765 0.384365
514 514 0.529235 0.593838
514 678 0.845736 0.599876
515 177 0.396134 0.237011
515 515 0.899153 0.038141
516 422 0.729950 0.233659
516 516 0.860379 0.459862
516 992 0.622216 0.881076
517 517 0.918673 0.219475
518 518 0.181641 0.377886
518 563 0.721575 0.130891
519 35 0.509128 0.104964
519 519 0.694993 0.613821
519 581 0.547061 0.518973
520 419 0.444277 0.908246
520 520 0.155139 0.374072
520 570 0.102956 0.213523
520 827 0.717939 0.914988
521 521 0.956113 0.871887
521 624 0.915437 0.403904
521 997 0.362705 0.380380
522 237 0.257617 0.615009
522 522 0.738337 0.884557
523 284 0.016933 0.858678
523 523 0.585687 0.306431
524 510 0.402873 0.624700
524 524 0.438364 0.147854
524 788 0.733066 0.315622
525 525 0.289387 0.883667
525 602 0.904196 0.325358
526 203 0.940918 0.426287
526 526 0.310208 0.933420
526 570 0.715601 0.269544
526 808 0.888552 0.951966
527 335 0.266787 0.600554
527 527 0.183867 0.232312
528 528 0.738438 0.256953
528 711 0.747222 0.239494
529 224 0.356280 0.649372
529 529 0.968060 0.088251
529 546 0.018217 0.727718
529 946 0.597231 0.794082
530 184 0.443877 0.101650
530 530 0.079344 0.715363
530 578 0.781357 0.828047
530 734 0.103910 0.829509
531 148 0.248370 0.278530
531 531 0.435218 0.972013
531 617 0.729266 0.491816
532 532 0.327697 0.304171
533 302 0.745606 0.731186
533 533 0.700755 0.983213
533 728 0.522555 0.492464
534 406 0.510981 0.931420
534 534 0.943788 0.107965
534 757 0.017412 0.872914
535 150 0.588716 0.666178
535 430 0.141517 0.601918
535 469 0.838928 0.121783
535 535 0.833740 0.617176
536 437 0.645844 0.452398
536 536 0.758715 0.599828
537 13 0.941296 0.007269
537 537 0.505949 0.341450
537 998 0.550255 0.105731
538 38 0.818165 0.594891
538 507 0.108669 0.602503
538 538 0.270966 0.840575
538 851 0.525314 0.560686
539 539 0.137298 0.513530
540 22 0.851002 0.491720
540 392 0.002837 0.231480
540 423 0.613114 0.713443
540 540 0.658166 0.677912
541 197 0.845889 0.620899
541 479 0.490164 0.621207
541 541 0.855818 0.673819
541 594 0.157929 0.750802
542 422 0.344776 0.113261
542 542 0.992923 0.354994
542 828 0.689168 0.066054
543 543 0.928885 0.777180
543 679 0.018837 0.336831
543 896 0.946396 0.451388
544 401 0.077733 0.035621
544 544 0.644330 0.188153
544 893 0.897192 0.222098
544 904 0.581434 0.450767
545 181 0.276668 0.331936
545 545 0.225192 0.285049
545 767 0.672158 0.714457
545 862 0.032904 0.442212
546 70 0.238827 0.536414
546 144 0.845902 0.163215
546 546 0.162831 0.166381
546 573 0.789745 0.058146
546 883 0.366907 0.477473
547 489 0.617567 0.002238
547 547 0.531124 0.277268
548 199 0.224455 0.978154
548 548 0.010949 0.531295
549 478 0.312919 0.188193
549 549 0.892627 0.556455
550 53 0.295428 0.865471
550 264 0.724903 0.286845
550 550 0.712381 0.733126
550 818 0.922370 0.989131
550 954 0.980128 0.880980
551 356 0.031120 0.320591
551 417 0.932265 0.199142
551 551 0.416364 0.427879
552 552 0.752018 0.168712
552 646 0.286388 0.059953
552 825 0.309352 0.469825
552 969 0.012104 0.872413
553 553 0.569978 0.934206
554 157 0.278656 0.459617
554 554 0.696826 0.911448
555 228 0.956526 0.944000
555 555 0.834434 0.282230
555 895 0.268907 0.108915
556 90 0.333125 0.857523
556 217 0.761409 0.366180
556 315 0.751373 0.258759
556 556 0.581798 0.450441
557 4 0.623656 0.210086
557 557 0.635918 0.014879
558 558 0.113107 0.834911
558 708 0.674045 0.819957
558 737 0.660970 0.224897
559 231 0.553277 0.211367
559 559 0.174832 0.349560
559 669 0.143113 0.527535
560 395 0.179546 0.972633
560 560 0.784658 0.223444
560 593 0.601620 0.148793
560 616 0.482653 0.154182
561 399 0.843458 0.007209
561 561 0.460013 0.281127
561 851 0.150910 0.856481
562 562 0.132361 0.803472
563 496 0.311878 0.443464
563 523 0.622082 0.084652
563 563 0.752453 0.622796
564 165 0.130258 0.112721
564 343 0.540668 0.970688
564 564 0.680766 0.859837
564 727 0.675038 0.437686
564 854 0.445051 0.429618
564 872 0.075904 0.382013
565 250 0.566818 0.964642
565 489 0.219251 0.252155
565 565 0.739439 0.180702
565 730 0.501177 0.721120
565 948 0.866343 0.436888
566 127 0.763830 0.820491
566 243 0.216773 0.506682
566 321 0.719946 0.928450
566 566 0.993767 0.773540
566 681 0.626029 0.995790
567 567 0.861814 0.120929
567 951 0.886768 0.107463
568 66 0.717645 0.794850
568 568 0.283582 0.636967
569 569 0.166755 0.446618
569 728 0.370913 0.380603
570 570 0.667038 0.893441
570 789 0.814712 0.171962
571 471 0.090513 0.271241
571 571 0.106164 0.009762
571 933 0.770418 0.035794
572 164 0.796788 0.080833
572 572 0.325834 0.025882
573 6 0.088722 0.692366
573 557 0.321340 0.174062
573 573 0.536520 0.210532
574 168 0.159339 0.049517
574 551 0.992537 0.480169
574 574 0.447666 0.770693
574 963 0.212419 0.096278
575 575 0.858791 0.772899
575 668 0.631548 0.181003
575 715 0.001430 0.352233
576 556 0.509112 0.383163
576 576 0.049073 0.116529
577 75 0.737934 0.211419
577 141 0.471133 0.782802
577 577 0.336592 0.942761
578 578 0.051976 0.727082
578 769 0.214558 0.789855
579 579 0.112134 0.926298
579 583 0.778920 0.447684
580 210 0.599137 0.773527
580 298 0.646380 0.980700
580 580 0.467694 0.143926
580 778 0.468091 0.877993
581 263 0.955388 0.587029
581 469 0.093279 0.882441
581 581 0.009294 0.973743
582 329 0.443439 0.153758
582 582 0.584011 0.026109
582 720 0.423834 0.747104
582 737 0.678544 0.144126
582 838 0.301401 0.702521
583 583 0.760950 0.298999
583 610 0.246484 0.294217
584 185 0.582913 0.805964
584 584 0.581290 0.995318
584 724 0.292511 0.177721
585 585 0.798806 0.530018
586 586 0.142047 0.266026
587 587 0.983254 0.680617
587 919 0.209278 0.861633
588 588 0.154875 0.763386
589 170 0.675891 0.494551
589 589 0.947544 0.465912
589 805 0.230472 0.491159
590 70 0.337397 0.534038
590 230 0.028094 0.692911
590 590 0.628880 0.750564
590 862 0.207365 0.575705
591 112 0.369592 0.554598
591 591 0.035106 0.129837
592 389 0.382980 0.092647
592 592 0.654539 0.306840
592 606 0.904229 0.504002
592 910 0.565062 0.732189
593 63 0.158366 0.528171
593 509 0.726055 0.899867
593 593 0.748840 0.709337
593 851 0.577014 0.264012
594 221 0.469611 0.905347
594 334 0.207155 0.678146
594 594 0.953048 0.812670
595 43 0.058291 0.902219
595 76 0.478077 0.567346
595 595 0.171298 0.927729
596 90 0.718698 0.737643
596 328 0.093480 0.280794
596 596 0.235607 0.763112
596 609 0.311369 0.082029
597 3 0.019410 0.426166
597 597 0.250465 0.669024
597 659 0.235690 0.819663
598 178 0.154062 0.577382
598 244 0.700730 0.246169
598 296 0.496832 0.594359
598 382 0.859964 0.293486
598 598 0.229751 0.796868
599 132 0.351974 0.094272
599 526 0.001482 0.750860
599 599 0.791562 0.968928
600 384 0.947019 0.871191
600 546 0.228430 0.566904
600 600 0.880530 0.932603
600 702 0.129476 0.535035
601 65 0.984021 0.347785
601 601 0.245800 0.382695
601 993 0.089763 0.725433
602 602 0.518727 0.720631
603 13 0.765896 0.687491
603 603 0.799499 0.718604
603 672 0.515356 0.312277
604 48 0.204393 0.936623
604 604 0.645803 0.778251
605 75 0.228878 0.927164
605 216 0.277221 0.341420
605 605 0.888267 0.231228
606 12 0.943443 0.541975
606 606 0.920429 0.181720
606 818 0.863960 0.427917
606 944 0.618492 0.634297
607 607 0.254909 0.535440
608 115 0.916030 0.176558
608 542 0.134061 0.874415
608 608 0.041573 0.393505
609 452 0.341266 0.711545
609 609 0.322878 0.184478
609 706 0.182283 0.200342
610 511 0.399685 0.503413
610 610 0.113989 0.316908
610 798 0.876788 0.260336
610 820 0.002487 0.374035
610 942 0.013552 0.558718
611 92 0.673722 0.520466
611 270 0.098444 0.344452
611 611 0.474212 0.182943
612 449 0.617369 0.362220
612 612 0.897000 0.957303
612 780 0.379812 0.644429
612 893 0.580355 0.329836
613 175 0.506934 0.551709
613 613 0.767159 0.933590
613 988 0.334257 0.587077
614 396 0.528354 0.359767
614 447 0.824016 0.177120
614 614 0.091822 0.574106
615 2 0.125946 0.104460
615 227 0.172751 0.860863
615 615 0.715494 0.966698
616 565 0.212130 0.784824
616 616 0.535360 0.720262
617 197 0.043270 0.433483
617 488 0.501811 0.011877
617 578 0.150245 0.076621
617 617 0.951684 0.796415
617 771 0.039625 0.269623
618 512 0.272640 0.538515
618 618 0.967184 0.832453
618 765 0.118832 0.967586
618 806 0.332376 0.676387
618 903 0.776364 0.821575
618 912 0.471466 0.841887
619 543 0.761222 0.679009
619 619 0.180001 0.200434
620 9 0.997551 0.608633
620 488 0.130463 0.725354
620 615 0.523657 0.913570
620 620 0.472073 0.962949
620 706 0.844429 0.440436
621 49 0.815234 0.319745
621 197 0.686828 0.016144
621 265 0.396419 0.885258
621 461 0.923177 0.831128
621 476 0.003762 0.209151
621 621 0.600848 0.719611
621 908 0.325042 0.447583
622 435 0.568035 0.334902
622 526 0.296618 0.098085
622 622 0.406946 0.419264
622 895 0.160134 0.728882
623 623 0.223768 0.288211
623 772 0.689936 0.817208
624 76 0.226422 0.637749
624 624 0.012119 0.899620
625 352 0.021639 0.849430
625 625 0.902696 0.598728
625 663 0.415728 0.921600
625 952 0.965847 0.877042
626 626 0.445916 0.885889
627 238 0.040625 0.635781
627 361 0.994715 0.026146
627 500 0.580317 0.522596
627 627 0.692409 0.698801
627 912 0.825535 0.015053
627 965 0.984995 0.507899
628 628 0.220564 0.528555
629 211 0.117861 0.159927
629 629 0.042517 0.389744
629 989 0.679476 0.934484
630 23 0.075585 0.982222
630 236 0.292910 0.099871
630 439 0.981607 0.094676
630 630 0.623241 0.848388
631 631 0.820771 0.357520
631 714 0.117424 0.105518
631 832 0.310092 0.489735
631 970 0.715615 0.899477
632 517 0.021527 0.256167
632 632 0.142717 0.893972
633 346 0.338939 0.746592
633 633 0.337657 0.163233
634 353 0.968575 0.280561
634 634 0.724510 0.541897
634 674 0.064487 0.475301
634 928 0.739537 0.696633
635 635 0.279774 0.416464
635 995 0.643130 0.631569
636 279 0.489862 0.260579
636 611 0.423159 0.356064
636 636 0.016872 0.840722
637 88 0.392556 0.413501
637 158 0.949531 0.991151
637 403 0.691491 0.902505
637 637 0.291924 0.135585
637 735 0.890529 0.824888
638 263 0.944916 0.742392
638 634 0.661754 0.433290
638 638 0.659867 0.768734
639 494 0.172770 0.572178
639 639 0.549719 0.699465
639 708 0.683984 0.876547
640 468 0.471273 0.196237
640 640 0.174235 0.154209
641 641 0.748887 0.169666
642 372 0.494748 0.270649
642 497 0.060828 0.264839
642 642 0.433089 0.640610
643 391 0.505713 0.396554
643 643 0.199087 0.094840
643 936 0.080599 0.318179
644 37 0.443997 0.842844
644 179 0.224037 0.490566
644 644 0.342149 0.599339
645 250 0.038002 0.848914
645 645 0.450945 0.863652
646 646 0.217710 0.089536
646 715 0.641621 0.627217
647 612 0.228018 0.927668
647 647 0.666924 0.588219
647 737 0.081184 0.749484
648 326 0.255925 0.843775
648 648 0.949318 0.276187
649 120 0.862137 0.577348
649 471 0.259558 0.146974
649 524 0.542199 0.522728
649 550 0.842122 0.412217
649 649 0.994004 0.384315
649 652 0.176838 0.838811
649 893 0.626651 0.552135
649 905 0.964677 0.281544
650 636 0.010627 0.750582
650 650 0.987512 0.648472
651 651 0.511387 0.537766
651 995 0.220344 0.701611
652 91 0.885228 0.260545
652 466 0.560875 0.551083
652 652 0.735893 0.687523
653 653 0.433908 0.631160
653 776 0.663965 0.454000
653 864 0.699436 0.879693
654 65 0.536296 0.934058
654 343 0.686779 0.771456
654 654 0.880453 0.721273
655 655 0.455908 0.124173
656 159 0.867547 0.584963
656 656 0.635287 0.401823
657 443 0.786650 0.903859
657 657 0.531938 0.188457
657 705 0.201831 0.956311
658 39 0.021390 0.966014
658 322 0.914894 0.701393
658 432 0.959083 0.953485
658 658 0.960074 0.052798
659 264 0.452450 0.277980
659 659 0.158186 0.639442
659 700 0.109909 0.241178
660 222 0.142402 0.072306
660 239 0.219104 0.614702
660 660 0.604741 0.916905
661 661 0.846337 0.829869
661 839 0.645997 0.447084
661 849 0.510245 0.376972
661 957 0.579603 0.232117
662 176 0.627659 0.012721
662 662 0.503103 0.615399
663 96 0.484165 0.178588
663 198 0.205954 0.084503
663 443 0.478659 0.591016
663 470 0.687311 0.467807
663 663 0.740339 0.744084
663 714 0.034334 0.370166
664 91 0.205309 0.746432
664 556 0.745332 0.176996
664 664 0.892723 0.641542
665 346 0.952627 0.294037
665 665 0.126703 0.582243
665 992 0.375762 0.388349
666 295 0.620793 0.003505
666 666 0.888510 0.815196
666 917 0.753317 0.384219
667 667 0.376271 0.370261
667 753 0.081394 0.188838
668 482 0.665997 0.014796
668 668 0.468725 0.265266
669 17 0.225162 0.909706
669 225 0.884220 0.569663
669 524 0.629662 0.814076
669 669 0.173401 0.778009
669 852 0.061421 0.740661
670 176 0.423724 0.222518
670 538 0.049447 0.674646
670 670 0.989282 0.928466
671 73 0.380314 0.934101
671 381 0.410256 0.337170
671 445 0.998788 0.392712
671 671 0.940546 0.456697
671 839 0.765512 0.346852
672 103 0.035426 0.780905
672 222 0.890646 0.867914
672 289 0.528390 0.348391
672 397 0.771557 0.833434
672 672 0.282889 0.475562
672 699 0.392358 0.929907
672 934 0.999146 0.647756
672 969 0.788593 0.424066
673 285 0.358409 0.394271
673 673 0.875761 0.873557
673 978 0.897859 0.387274
674 639 0.737418 0.189235
674 648 0.714256 0.668774
674 674 0.228088 0.503784
674 677 0.821385 0.217144
674 718 0.830131 0.988748
674 752 0.043512 0.408991
674 965 0.152679 0.314702
675 368 0.087397 0.183699
675 675 0.808026 0.464686
676 40 0.034258 0.300475
676 82 0.508140 0.811407
676 676 0.135187 0.577619
677 677 0.703907 0.303371
677 905 0.326922 0.877924
678 447 0.111576 0.938608
678 465 0.041249 0.786791
678 678 0.979206 0.806243
679 152 0.290229 0.587506
679 495 0.935051 0.959420
679 679 0.356913 0.157752
679 759 0.785396 0.657252
679 880 0.708350 0.680372
680 389 0.754939 0.834637
680 680 0.454708 0.740930
680 937 0.536899 0.687795
681 613 0.841220 0.029434
681 681 0.807890 0.909974
682 682 0.126263 0.268511
682 882 0.094098 0.337830
683 683 0.817124 0.775804
683 707 0.623476 0.671969
684 244 0.398091 0.655764
684 273 0.935418 0.335066
684 684 0.878259 0.012691
684 730 0.676832 0.269271
685 141 0.891134 0.034646
685 685 0.925678 0.608224
686 84 0.501742 0.480549
686 686 0.650565 0.448943
687 687 0.373312 0.885100
687 925 0.436583 0.577164
688 668 0.260129 0.542900
688 688 0.883819 0.761690
689 362 0.385557 0.444394
689 689 0.762503 0.280360
690 145 0.989535 0.733304
690 203 0.473522 0.809322
690 256 0.387475 0.065350
690 690 0.286826 0.966679
690 858 0.834504 0.339688
691 389 0.274597 0.873574
691 591 0.190929 0.045365
691 691 0.981968 0.367796
691 695 0.073683 0.107455
692 524 0.930934 0.889751
692 554 0.155647 0.016109
692 692 0.557029 0.458146
693 693 0.754004 0.020372
693 989 0.550384 0.436367
694 230 0.420552 0.721319
694 370 0.951789 0.800331
694 694 0.936457 0.498464
695 48 0.491065 0.022614
695 695 0.748992 0.680607
695 887 0.013450 0.459312
696 659 0.697404 0.708364
696 696 0.591678 0.682465
697 476 0.816026 0.650727
697 588 0.417838 0.468565
697 697 0.919406 0.413076
697 800 0.489351 0.950943
698 526 0.903933 0.478707
698 698 0.780935 0.369650
699 370 0.872411 0.103279
699 699 0.587767 0.223974
700 39 0.230379 0.337427
700 401 0.822715 0.587842
700 426 0.814258 0.437331
700 553 0.630625 0.440283
700 700 0.793997 0.437711
701 371 0.561009 0.756540
701 396 0.659222 0.930315
701 701 0.006326 0.039216
701 784 0.191859 0.450943
701 804 0.429063 0.643026
702 655 0.247634 0.933382
702 672 0.073278 0.910085
702 702 0.498626 0.859893
702 794 0.880671 0.855177
702 923 0.514315 0.003593
703 372 0.299780 0.603763
703 703 0.075546 0.445011
703 827 0.331939 0.882618
704 460 0.187958 0.114685
704 532 0.201558 0.078615
704 704 0.262269 0.763772
704 809 0.941851 0.176250
705 337 0.002875 0.923894
705 344 0.752187 0.939395
705 396 0.744587 0.378627
705 705 0.158300 0.565290
706 706 0.582388 0.971026
706 713 0.528660 0.272075
707 644 0.757829 0.336309
707 707 0.889020 0.109280
708 427 0.302620 0.120956
708 708 0.363770 0.674115
708 900 0.673612 0.826108
709 83 0.212347 0.876693
709 546 0.788487 0.552918
709 645 0.936236 0.396593
709 707 0.861911 0.979360
709 709 0.935508 0.436107
709 956 0.377093 0.073564
710 633 0.807627 0.744378
710 710 0.777661 0.548053
711 214 0.971815 0.694505
711 711 0.433168 0.748383
711 984 0.361928 0.258581
712 551 0.961917 0.309510
712 659 0.491743 0.618109
712 712 0.669988 0.279627
713 638 0.172145 0.993941
713 713 0.549005 0.675360
713 787 0.667981 0.069644
713 809 0.484811 0.381237
714 714 0.406345 0.179164
714 717 0.445070 0.594299
714 857 0.174567 0.085826
715 715 0.229497 0.846798
716 716 0.827009 0.943544
717 322 0.420751 0.803698
717 717 0.459043 0.060342
717 744 0.210115 0.537709
718 107 0.360385 0.627496
718 718 0.592612 0.890730
719 719 0.226666 0.007307
720 720 0.948931 0.553903
721 103 0.946706 0.461491
721 721 0.230637 0.399971
722 179 0.715117 0.177559
722 722 0.048306 0.344641
723 444 0.748947 0.548315
723 723 0.105989 0.757228
723 875 0.892883 0.058765
724 724 0.653166 0.610921
724 843 0.611653 0.057641
724 945 0.595054 0.971745
725 601 0.517006 0.258417
725 725 0.317816 0.637245
725 872 0.685354 0.491731
726 20 0.726100 0.938452
726 48 0.950178 0.566782
726 234 0.128659 0.314481
726 726 0.851901 0.985799
727 354 0.139343 0.076488
727 415 0.718490 0.145279
727 727 0.608495 0.992324
728 94 0.960691 0.278711
728 175 0.976419 0.988423
728 382 0.395537 0.147555
728 565 0.686331 0.695026
728 652 0.742565 0.793885
728 728 0.948816 0.927364
728 747 0.790695 0.297196
729 461 0.356741 0.500529
729 463 0.355291 0.984403
729 495 0.706361 0.474647
729 534 0.479781 0.950366
729 648 0.272827 0.105245
729 729 0.241382 0.915011
729 738 0.779441 0.523501
730 492 0.247567 0.067630
730 636 0.873525 0.131416
730 730 0.296413 0.430687
730 871 0.757340 0.186937
731 192 0.413502 0.092346
731 454 0.001984 0.476691
731 731 0.690763 0.105766
732 134 0.444366 0.872517
732 479 0.731668 0.590407
732 732 0.607160 0.102065
732 922 0.952868 0.687261
732 928 0.238422 0.441807
733 255 0.957096 0.286784
733 636 0.681276 0.064429
733 733 0.773333 0.084114
733 991 0.935120 0.478922
734 722 0.287330 0.689652
734 734 0.386533 0.205118
735 101 0.335678 0.765663
735 349 0.300766 0.355256
735 735 0.192824 0.632218
735 966 0.246062 0.703434
736 353 0.268930 0.370429
736 736 0.116122 0.532698
736 806 0.316115 0.749538
736 988 0.935320 0.277758
737 259 0.889132 0.003626
737 586 0.002286 0.235931
737 737 0.354515 0.306101
738 556 0.068785 0.242442
738 738 0.688928 0.614533
739 297 0.986462 0.465318
739 739 0.101797 0.682928
740 406 0.221692 0.725043
740 740 0.791492 0.059362
741 707 0.498204 0.819067
741 741 0.542887 0.738746
741 947 0.548179 0.354877
742 632 0.188954 0.254826
742 742 0.202173 0.201590
742 975 0.192201 0.594629
743 181 0.414337 0.250979
743 650 0.087850 0.453730
743 743 0.160659 0.814298
743 751 0.911064 0.659569
743 941 0.658725 0.214573
744 38 0.596058 0.602570
744 382 0.789448 0.597041
744 744 0.973825 0.485591
745 616 0.044193 0.980774
745 745 0.989615 0.041323
746 36 0.674604 0.215741
746 153 0.620088 0.409425
746 631 0.016830 0.820047
746 745 0.001273 0.072914
746 746 0.301735 0.961743
746 871 0.644873 0.202430
747 5 0.051049 0.237773
747 747 0.810701 0.873912
748 748 0.780339 0.658557
748 851 0.952949 0.115414
749 749 0.613055 0.519521
749 781 0.617525 0.585144
750 43 0.705081 0.639874
750 478 0.978796 0.783955
750 750 0.418372 0.248999
751 589 0.809679 0.242487
751 680 0.937782 0.217937
751 751 0.401196 0.540406
752 752 0.649098 0.403806
753 496 0.165862 0.782043
753 508 0.562461 0.151614
753 753 0.730962 0.433204
754 3 0.608832 0.730526
754 213 0.836776 0.254278
754 298 0.784270 0.592688
754 754 0.174685 0.564089
755 514 0.845284 0.158267
755 755 0.565632 0.932994
756 32 0.972461 0.482699
756 354 0.782891 0.885229
756 756 0.844427 0.875205
757 276 0.938788 0.445303
757 757 0.669583 0.046060
758 758 0.229374 0.786545
759 759 0.690331 0.619582
759 901 0.426097 0.746679
760 501 0.043714 0.218563
760 760 0.893060 0.385686
761 221 0.764581 0.272392
761 761 0.498198 0.859911
762 77 0.755036 0.181194
762 130 0.448426 0.705836
762 762 0.545790 0.958829
763 355 0.747876 0.159189
763 763 0.979291 0.978012
764 395 0.241536 0.100153
764 402 0.187695 0.273857
764 764 0.807210 0.608883
765 98 0.233455 0.649825
765 226 0.740108 0.689452
765 473 0.305664 0.954255
765 478 0.245472 0.521909
765 765 0.442219 0.558661
766 766 0.849356 0.919523
767 21 0.745060 0.352388
767 264 0.721605 0.478527
767 421 0.567128 0.711214
767 767 0.389336 0.010603
767 815 0.884222 0.181781
768 438 0.059055 0.359889
768 452 0.796901 0.641718
768 567 0.601470 0.118931
768 665 0.360870 0.403392
768 768 0.848331 0.867741
769 769 0.484792 0.139721
770 74 0.857854 0.996317
770 770 0.948767 0.959471
771 280 0.293779 0.043700
771 519 0.028103 0.550386
771 771 0.142026 0.744195
771 898 0.560572 0.505721
772 772 0.603693 0.840048
772 824 0.549609 0.374653
773 773 0.044146 0.587074
773 832 0.067376 0.678372
773 858 0.721953 0.896548
774 39 0.520604 0.951512
774 774 0.747816 0.482426
774 847 0.430147 0.999925
775 389 0.994509 0.074646
775 647 0.675246 0.702239
775 770 0.985179 0.367571
775 775 0.964232 0.540843
776 711 0.774491 0.964699
776 776 0.324731 0.031057
776 863 0.550857 0.249452
776 884 0.199990 0.222264
777 96 0.521308 0.522376
777 777 0.807080 0.875990
777 931 0.109463 0.464388
778 131 0.181889 0.982280
778 216 0.229768 0.635027
778 778 0.852542 0.148356
778 858 0.485364 0.314736
779 98 0.756494 0.959192
779 195 0.181908 0.184221
779 228 0.678831 0.258864
779 444 0.279060 0.676906
779 513 0.566513 0.702671
779 779 0.181905 0.409270
780 354 0.429502 0.953849
780 709 0.350103 0.635276
780 780 0.715854 0.338235
780 985 0.312787 0.350357
781 303 0.073909 0.756450
781 781 0.106225 0.227698
781 843 0.803241 0.128198
782 608 0.297079 0.113964
782 758 0.279063 0.090025
782 782 0.669859 0.910721
783 99 0.741792 0.564429
783 778 0.949003 0.268389
783 783 0.192314 0.682944
784 18 0.363421 0.893665
784 593 0.325153 0.407209
784 780 0.570166 0.015558
784 784 0.420402 0.334317
785 785 0.811971 0.854259
786 539 0.493773 0.204454
786 572 0.084681 0.142572
786 786 0.289615 0.434002
786 930 0.210604 0.407247
787 29 0.296240 0.959584
787 747 0.050510 0.511103
787 764 0.193612 0.152804
787 786 0.861115 0.920275
787 787 0.146865 0.499704
788 77 0.774860 0.420284
788 468 0.762176 0.696429
788 591 0.557558 0.182349
788 788 0.921852 0.973995
788 875 0.782673 0.468221
789 556 0.547306 0.792752
789 789 0.413042 0.120126
789 888 0.142606 0.505472
790 141 0.804763 0.722719
790 678 0.272861 0.969925
790 790 0.072873 0.425343
791 507 0.884222 0.350981
791 791 0.864114 0.024555
792 6 0.703992 0.635529
792 792 0.527520 0.797216
793 793 0.297743 0.216528
794 233 0.673338 0.015139
794 794 0.619077 0.519428
795 237 0.139372 0.484988
795 787 0.606128 0.446523
795 795 0.013642 0.980821
796 274 0.338154 0.830342
796 421 0.144315 0.155051
796 796 0.902977 0.449293
797 35 0.942715 0.776378
797 489 0.309848 0.591067
797 797 0.501093 0.871262
798 314 0.986192 0.926048
798 798 0.560057 0.455084
799 799 0.942556 0.244254
799 834 0.102847 0.568781
800 242 0.462865 0.919063
800 541 0.097433 0.932701
800 595 0.564092 0.759221
800 725 0.629983 0.488329
800 778 0.471730 0.100837
800 800 0.754512 0.577070
800 812 0.153424 0.640863
801 316 0.809637 0.241766
801 379 0.460189 0.582547
801 725 0.856768 0.292904
801 801 0.577138 0.543415
801 898 0.265532 0.230065
802 508 0.121009 0.402552
802 570 0.425978 0.507078
802 802 0.847049 0.998243
802 877 0.711144 0.515145
803 235 0.071257 0.124319
803 803 0.816719 0.712619
804 585 0.076261 0.327643
804 677 0.102261 0.708148
804 804 0.739594 0.120483
805 805 0.063765 0.058899
806 14 0.588527 0.748941
806 806 0.521704 0.349400
807 156 0.175472 0.282525
807 684 0.862004 0.386071
807 807 0.615797 0.959214
808 153 0.001857 0.385965
808 554 0.192026 0.973875
808 781 0.956516 0.190118
808 808 0.139329 0.551340
808 927 0.659177 0.112268
809 374 0.677614 0.181499
809 407 0.924817 0.055425
809 809 0.681145 0.323985
810 257 0.259209 0.479312
810 301 0.611764 0.637363
810 810 0.960899 0.117072
810 824 0.792779 0.542505
810 965 0.167841 0.092317
811 811 0.862022 0.894633
812 122 0.995280 0.408227
812 342 0.619601 0.307862
812 373 0.408652 0.165716
812 600 0.793936 0.597253
812 812 0.663315 0.415001
812 814 0.664931 0.694626
813 813 0.616032 0.552588
813 908 0.320453 0.884228
814 12 0.453430 0.888649
814 814 0.837560 0.517474
814 940 0.308134 0.114513
815 794 0.540981 0.446321
815 815 0.053194 0.326900
815 957 0.171993 0.057208
816 602 0.819214 0.897371
816 816 0.307169 0.344972
817 47 0.933713 0.895313
817 242 0.418474 0.052629
817 344 0.258923 0.635205
817 436 0.086609 0.173762
817 817 0.981839 0.658039
818 22 0.856567 0.849565
818 232 0.016934 0.653058
818 392 0.412405 0.339024
818 497 0.366179 0.522848
818 523 0.055122 0.613587
818 673 0.953876 0.511276
818 818 0.913831 0.510254
819 211 0.058329 0.138334
819 819 0.240397 0.672787
820 386 0.204647 0.256406
820 725 0.134580 0.414068
820 820 0.851359 0.080428
821 580 0.599126 0.622651
821 821 0.162202 0.984724
822 88 0.783164 0.994496
822 333 0.851255 0.734361
822 418 0.860104 0.536239
822 479 0.077635 0.221852
822 822 0.035088 0.892408
822 900 0.885730 0.873015
823 128 0.233720 0.320446
823 289 0.294908 0.171241
823 621 0.610697 0.359798
823 753 0.644616 0.749580
823 823 0.249018 0.435693
824 80 0.062475 0.201778
824 629 0.015385 0.865871
824 824 0.699075 0.006655
824 831 0.257763 0.784551
825 377 0.457121 0.981424
825 379 0.729361 0.925015
825 825 0.396280 0.924075
825 907 0.176368 0.785091
825 942 0.457139 0.886690
826 197 0.229192 0.512323
826 342 0.556194 0.712286
826 826 0.740404 0.484607
827 383 0.892503 0.021073
827 656 0.260240 0.221921
827 681 0.570886 0.491880
827 827 0.675261 0.515169
828 828 0.204272 0.341572
829 366 0.387426 0.911234
829 829 0.597951 0.749510
830 1 0.316286 0.855265
830 96 0.735251 0.717993
830 130 0.131569 0.929250
830 675 0.722329 0.631258
830 830 0.082135 0.452032
831 578 0.129530 0.015638
831 831 0.905615 0.894399
832 832 0.901025 0.568426
833 325 0.414509 0.132781
833 557 0.724312 0.101770
833 773 0.124129 0.524904
833 833 0.789128 0.114579
834 429 0.915633 0.169915
834 834 0.719026 0.257624
835 835 0.397228 0.122207
836 836 0.598713 0.105924
837 100 0.267664 0.313343
837 427 0.784732 0.959015
837 837 0.275210 0.445219
837 893 0.966796 0.338912
838 838 0.738757 0.981501
839 16 0.311619 0.430745
839 159 0.953904 0.878233
839 362 0.963031 0.810763
839 839 0.893461 0.454901
840 840 0.431464 0.822995
840 931 0.229088 0.113055
841 12 0.091900 0.200158
841 204 0.106082 0.952528
841 472 0.735928 0.114291
841 554 0.226077 0.855879
841 841 0.057611 0.722917
842 180 0.078638 0.549861
842 208 0.037384 0.086340
842 286 0.876477 0.643620
842 326 0.087553 0.459369
842 554 0.857892 0.752119
842 710 0.832670 0.862890
842 842 0.792659 0.609254
843 222 0.511108 0.138931
843 843 0.297746 0.770572
844 687 0.062923 0.614282
844 844 0.924757 0.044553
844 890 0.287375 0.352012
845 321 0.097126 0.081564
845 538 0.984962 0.743162
845 845 0.808443 0.661163
845 856 0.974082 0.645208
846 628 0.533307 0.181641
846 657 0.654410 0.459223
846 846 0.697266 0.474596
847 847 0.009127 0.007884
848 318 0.236718 0.249328
848 580 0.314384 0.839409
848 803 0.580303 0.760263
848 848 0.223548 0.386778
849 49 0.691940 0.581724
849 680 0.996649 0.400630
849 849 0.230087 0.681676
850 22 0.373354 0.239853
850 425 0.391567 0.276256
850 850 0.450400 0.148476
851 851 0.535585 0.962830
852 852 0.582618 0.042922
853 660 0.605164 0.924805
853 853 0.850210 0.942612
854 172 0.021742 0.599217
854 854 0.558307 0.141731
855 184 0.538656 0.719803
855 855 0.152242 0.390550
856 557 0.815874 0.052898
856 638 0.624304 0.709487
856 856 0.877556 0.308177
857 59 0.428885 0.945419
857 223 0.247691 0.936247
857 226 0.061169 0.189312
857 857 0.875904 0.615954
858 474 0.322150 0.495642
858 858 0.989411 0.475337
859 198 0.414628 0.768697
859 859 0.017550 0.849287
860 860 0.833886 0.843356
861 395 0.047379 0.935978
861 861 0.430794 0.003047
862 862 0.264074 0.816540
862 969 0.906797 0.574515
863 108 0.554899 0.820518
863 863 0.284264 0.538932
864 389 0.310853 0.386259
864 620 0.799016 0.478777
864 850 0.582015 0.793538
864 864 0.619148 0.967635
864 915 0.979068 0.088192
864 965 0.704062 0.294165
865 290 0.733124 0.006948
865 549 0.209074 0.891240
865 668 0.895069 0.523601
865 865 0.160127 0.475303
865 870 0.280204 0.847386
865 983 0.787432 0.099697
866 104 0.793947 0.254248
866 265 0.496216 0.307524
866 506 0.713100 0.535240
866 762 0.684379 0.169484
866 771 0.378775 0.207615
866 866 0.866416 0.011273
867 748 0.234328 0.738346
867 797 0.984654 0.244827
867 867 0.677727 0.391122
867 931 0.568641 0.525007
868 177 0.113489 0.757036
868 868 0.090138 0.751426
869 208 0.170182 0.274490
869 256 0.613966 0.408690
869 869 0.262965 0.241491
870 90 0.026924 0.763784
870 252 0.585935 0.960680
870 336 0.090831 0.754899
870 342 0.083940 0.550286
870 585 0.140763 0.825039
870 806 0.839181 0.023025
870 870 0.703235 0.980779
871 285 0.184430 0.175210
871 871 0.703287 0.965234
872 358 0.843232 0.767798
872 496 0.353040 0.612647
872 872 0.465280 0.159800
873 308 0.850241 0.189586
873 318 0.963009 0.131467
873 873 0.699904 0.086908
874 367 0.143314 0.109948
874 874 0.774321 0.594763
874 889 0.877886 0.012595
875 273 0.877904 0.518407
875 875 0.202856 0.498086
876 32 0.062745 0.464620
876 221 0.409997 0.099090
876 876 0.224579 0.572408
877 568 0.058974 0.735898
877 877 0.614458 0.680300
878 218 0.023335 0.678848
878 686 0.823183 0.901230
878 878 0.912863 0.071936
879 329 0.855466 0.709636
879 418 0.980273 0.814547
879 471 0.274862 0.752049
879 879 0.749416 0.573176
879 959 0.681585 0.604507
880 217 0.977143 0.215833
880 605 0.432124 0.291511
880 880 0.892582 0.244485
881 881 0.380196 0.106066
882 399 0.496553 0.926873
882 882 0.514327 0.495411
883 217 0.781805 0.780130
883 237 0.011007 0.887751
883 714 0.152300 0.901266
883 883 0.453591 0.834802
884 816 0.887338 0.636411
884 858 0.177203 0.075188
884 884 0.259899 0.755890
885 200 0.000461 0.385195
885 769 0.815106 0.868591
885 885 0.947405 0.093800
886 489 0.834091 0.586690
886 595 0.193093 0.819143
886 886 0.839222 0.318619
887 166 0.647452 0.332067
887 887 0.700060 0.030142
888 489 0.795598 0.319517
888 888 0.314859 0.800411
889 190 0.857402 0.047690
889 889 0.925206 0.327218
889 917 0.610144 0.955318
890 122 0.348885 0.537504
890 432 0.372265 0.920405
890 717 0.807461 0.181112
890 890 0.290534 0.090363
891 442 0.491424 0.266465
891 891 0.880311 0.859510
892 609 0.830530 0.528483
892 892 0.613731 0.835650
892 922 0.589830 0.647909
893 614 0.383355 0.427853
893 723 0.649451 0.274475
893 893 0.046495 0.249566
894 894 0.927318 0.384573
895 478 0.911033 0.955679
895 787 0.474923 0.736519
895 895 0.334293 0.241284
896 385 0.174253 0.400403
896 406 0.813290 0.669478
896 579 0.651350 0.230895
896 612 0.860562 0.815903
896 896 0.439469 0.041199
897 687 0.820071 0.081407
897 773 0.384402 0.680127
897 897 0.368872 0.582753
898 241 0.187171 0.879404
898 535 0.666586 0.003743
898 605 0.434842 0.782774
898 679 0.267618 0.041077
898 898 0.774860 0.821189
899 181 0.870343 0.769213
899 899 0.011355 0.406014
900 250 0.758064 0.321446
900 349 0.816069 0.588819
900 900 0.639181 0.255756
901 176 0.175272 0.795082
901 443 0.209785 0.499267
901 901 0.755526 0.900418
902 163 0.897265 0.119595
902 635 0.408486 0.957583
902 902 0.422695 0.364599
903 84 0.528742 0.440211
903 428 0.158937 0.558506
903 740 0.340775 0.848596
903 903 0.601934 0.517335
904 75 0.973221 0.263816
904 865 0.862698 0.232748
904 904 0.022701 0.961807
905 69 0.339288 0.292916
905 253 0.655813 0.089666
905 905 0.795095 0.036814
906 119 0.588498 0.131778
906 515 0.625022 0.207326
906 906 0.017770 0.011019
907 655 0.607364 0.023882
907 793 0.877703 0.340019
907 907 0.442035 0.757926
907 981 0.198440 0.030860
908 722 0.420976 0.515115
908 908 0.126716 0.149546
909 332 0.493609 0.034494
909 909 0.352216 0.349335
909 961 0.678729 0.016912
910 154 0.935334 0.552478
910 183 0.849131 0.720110
910 569 0.941682 0.584570
910 631 0.030801 0.969517
910 910 0.641387 0.260165
911 911 0.716638 0.296835
911 916 0.460279 0.461332
912 10 0.101793 0.622302
912 647 0.263144 0.545787
912 753 0.800044 0.828032
912 857 0.864730 0.836157
912 912 0.647197 0.482197
913 109 0.158692 0.920207
913 284 0.282639 0.381101
913 373 0.923164 0.599307
913 642 0.942239 0.348146
913 833 0.282081 0.005280
913 913 0.205071 0.124097
914 83 0.118562 0.670327
914 250 0.677103 0.036602
914 283 0.128013 0.513233
914 914 0.666974 0.645715
915 53 0.941294 0.273396
915 841 0.898654 0.599660
915 915 0.623772 0.798613
916 500 0.078809 0.921114
916 916 0.344143 0.072579
917 401 0.581579 0.808651
917 809 0.876590 0.393055
917 917 0.357720 0.072467
918 640 0.852821 0.846279
918 832 0.424844 0.001778
918 877 0.213824 0.944212
918 918 0.310729 0.294829
919 307 0.978736 0.420515
919 919 0.290587 0.162589
920 920 0.037405 0.570306
921 88 0.844275 0.895937
921 333 0.124311 0.017998
921 569 0.729862 0.930239
921 807 0.243312 0.331809
921 829 0.875392 0.518871
921 921 0.200262 0.324791
922 793 0.808348 0.988496
922 922 0.554408 0.054045
923 572 0.408713 0.786655
923 923 0.608793 0.442688
924 158 0.287210 0.023865
924 924 0.327594 0.818570
925 925 0.712399 0.262254
926 926 0.603196 0.654772
927 927 0.832749 0.180811
928 24 0.158689 0.371170
928 349 0.163319 0.979969
928 928 0.621052 0.934436
929 57 0.221836 0.964415
929 275 0.222442 0.672597
929 929 0.372548 0.445787
930 758 0.512329 0.254711
930 930 0.044792 0.250383
931 600 0.159793 0.076480
931 931 0.171816 0.339142
931 970 0.220789 0.006076
932 475 0.126995 0.194909
932 837 0.776223 0.009713
932 932 0.113523 0.994826
933 279 0.313294 0.773823
933 933 0.379995 0.536670
934 342 0.810752 0.855286
934 934 0.158758 0.304358
935 935 0.931197 0.503352
936 936 0.155881 0.007091
937 113 0.275652 0.856883
937 200 0.954100 0.126945
937 847 0.546390 0.762978
937 937 0.376332 0.427779
938 43 0.284934 0.491492
938 320 0.341524 0.089267
938 938 0.767629 0.102138
939 693 0.096944 0.005634
939 939 0.477959 0.827277
940 411 0.080276 0.990727
940 940 0.825766 0.712074
941 305 0.439137 0.996826
941 941 0.597471 0.538261
942 306 0.994730 0.542237
942 941 0.530580 0.041598
942 942 0.325130 0.676783
943 237 0.454868 0.186925
943 943 0.182002 0.768003
944 5 0.172751 0.847971
944 845 0.466328 0.833900
944 905 0.465331 0.894697
944 944 0.428416 0.870670
945 125 0.095322 0.028802
945 945 0.704870 0.583990
946 117 0.405530 0.857244
946 151 0.457510 0.913200
946 297 0.462596 0.482309
946 482 0.442086 0.300403
946 653 0.900101 0.940537
946 946 0.222193 0.028805
947 148 0.543679 0.922693
947 530 0.973435 0.160973
947 947 0.066957 0.746587
948 241 0.438726 0.620423
948 948 0.059044 0.798289
948 980 0.810791 0.627471
949 348 0.070866 0.051279
949 538 0.754305 0.985270
949 798 0.748537 0.413953
949 949 0.164106 0.225124
950 920 0.984475 0.738942
950 950 0.718905 0.851932
950 986 0.466191 0.270353
951 166 0.952554 0.982525
951 381 0.832635 0.845162
951 951 0.706095 0.744027
952 295 0.334421 0.336375
952 952 0.041438 0.829926
953 843 0.241922 0.733649
953 953 0.221530 0.277740
954 238 0.740239 0.566104
954 275 0.013806 0.072909
954 315 0.465692 0.037659
954 361 0.771351 0.511902
954 452 0.984081 0.021992
954 879 0.459151 0.069132
954 907 0.970116 0.574208
954 954 0.456831 0.066625
955 955 0.369775 0.814632
956 498 0.153948 0.622784
956 674 0.690475 0.443171
956 956 0.307220 0.917089
957 8 0.243390 0.081595
957 83 0.909799 0.435374
957 118 0.457859 0.637962
957 957 0.349455 0.092156
958 698 0.835303 0.527859
958 739 0.232169 0.800657
958 761 0.788358 0.730901
958 958 0.628042 0.994614
959 668 0.843847 0.954672
959 878 0.377364 0.386400
959 959 0.124022 0.648628
960 176 0.749763 0.704889
960 960 0.570091 0.356056
961 473 0.591163 0.353807
961 620 0.572712 0.241504
961 898 0.109605 0.904120
961 961 0.567126 0.276134
962 265 0.035012 0.894344
962 512 0.805800 0.401898
962 962 0.384023 0.713476
963 113 0.526565 0.866561
963 190 0.102698 0.740133
963 421 0.456182 0.060240
963 584 0.247679 0.587737
963 791 0.429734 0.626590
963 831 0.969479 0.890164
963 921 0.401347 0.243564
963 963 0.826928 0.731055
964 41 0.750977 0.933666
964 594 0.255414 0.026717
964 964 0.015319 0.190922
965 48 0.816107 0.150892
965 403 0.070571 0.637039
965 965 0.471831 0.205974
966 544 0.537573 0.605338
966 966 0.273165 0.524660
967 967 0.365397 0.619249
968 48 0.655848 0.266102
968 738 0.066209 0.023733
968 968 0.415881 0.009735
969 193 0.716188 0.094494
969 437 0.509679 0.085864
969 969 0.315006 0.069801
970 576 0.523141 0.870581
970 715 0.309301 0.013760
970 822 0.622040 0.773639
970 970 0.920349 0.404821
971 558 0.748677 0.818455
971 722 0.098663 0.419834
971 921 0.715453 0.916985
971 971 0.764382 0.744014
972 190 0.170586 0.905113
972 386 0.838608 0.173036
972 623 0.768959 0.946837
972 876 0.519907 0.871217
972 972 0.377481 0.024911
973 264 0.671053 0.138696
973 864 0.305256 0.691082
973 973 0.502575 0.022671
974 810 0.650845 0.900565
974 907 0.047718 0.416190
974 974 0.571241 0.149947
975 14 0.400593 0.580958
975 648 0.920676 0.683240
975 975 0.346600 0.878487
976 642 0.156785 0.142889
976 976 0.529293 0.898902
976 992 0.582932 0.012787
977 977 0.134730 0.100966
978 281 0.365656 0.723284
978 978 0.321617 0.758734
979 175 0.871331 0.020202
979 582 0.916268 0.489805
979 846 0.529113 0.813071
979 872 0.179434 0.671757
979 903 0.612781 0.363232
979 979 0.840239 0.128237
980 980 0.709017 0.049557
981 69 0.626537 0.688944
981 981 0.584313 0.520177
982 153 0.173531 0.305367
982 973 0.664412 0.491865
982 982 0.779684 0.760426
983 447 0.606194 0.278802
983 469 0.505330 0.899298
983 696 0.448728 0.235410
983 983 0.721641 0.103715
984 147 0.493619 0.564714
984 407 0.653641 0.276400
984 437 0.891842 0.559339
984 473 0.844732 0.732395
984 935 0.468952 0.995893
984 984 0.794208 0.384901
985 882 0.543414 0.458237
985 985 0.681075 0.315414
986 73 0.643689 0.335613
986 103 0.319409 0.712444
986 986 0.874727 0.232270
987 332 0.900528 0.608625
987 345 0.105509 0.828363
987 987 0.765885 0.583360
988 141 0.567248 0.833328
988 988 0.259371 0.358297
989 989 0.986066 0.390902
990 990 0.397761 0.887872
990 993 0.347122 0.861928
990 996 0.806060 0.492781
991 513 0.547098 0.143710
991 668 0.151183 0.627076
991 991 0.599910 0.016838
992 985 0.133954 0.290901
992 992 0.261601 0.759484
993 546 0.068613 0.326077
993 601 0.791024 0.255928
993 993 0.026373 0.483028
994 565 0.961402 0.482080
994 652 0.640118 0.289901
994 704 0.201830 0.301326
994 865 0.941763 0.239325
994 994 0.993616 0.115758
995 422 0.959172 0.108532
995 722 0.561821 0.204545
995 995 0.910042 0.264556
996 4 0.985289 0.086985
996 724 0.385580 0.288817
996 996 0.507444 0.211050
997 209 0.989842 0.346211
997 602 0.993203 0.067451
997 867 0.550394 0.946884
997 997 0.235792 0.884657
998 777 0.402532 0.794730
998 939 0.335068 0.846081
998 998 0.476799 0.723508
999 428 0.796050 0.291698
999 552 0.648213 0.542049
999 999 0.134857 0.496739
1000 1000 0.347859 0.290569
